5000
448548 222975
264685 662659
621735 961809
540256 313458
937726 131033
741793 345017
125764 991229
786999 220034
339730 902854
939160 494244
100975 601405
436054 355973
193508 984908
650950 659022
994429 835912
219484 109989
121322 253532
708264 159136
389721 721287
983065 725107
765609 737909
786517 529040
361080 203522
789397 681138
98767 420136
989698 740063
403296 477518
960049 581557
346372 67331
598723 113646
893400 14001
771691 48116
551243 729451
672366 915083
669371 297134
974812 808986
812956 598111
384490 488417
714211 548223
616365 808992
362422 830245
302505 367398
538004 915489
210965 934161
39776 621186
104388 289542
806172 190104
728553 270049
172833 880508
380512 80278
896595 785517
809081 141532
625176 361889
616225 281580
224103 267750
338249 879632
793957 588230
995978 711192
8206 404203
959530 624482
203134 441652
512493 25372
459792 710609
797439 689525
428078 434047
224906 774143
153758 852134
371051 159424
577926 909270
735461 768813
98345 753381
816622 69619
458293 594241
170313 349233
26815 683050
455244 690106
354784 139829
74730 676392
635133 163040
26090 836326
118214 408924
326161 642277
683002 817652
667684 578893
516585 757829
949170 858284
655258 846110
228647 858214
686660 309067
262838 761780
218259 456263
778763 606303
591359 498506
652423 878819
411099 405539
131968 489985
722750 772598
37075 106973
858986 751505
329665 935871
89516 443002
862309 971946
349879 911936
331500 141556
601057 649061
137574 817898
803996 360131
39730 539362
644316 630583
107403 809621
384539 308393
409444 774658
816259 28295
811019 602244
173201 799522
980272 541991
470019 69354
676043 124817
861779 694459
703027 362285
596865 714708
120833 116322
430647 874753
106091 617317
401070 240361
88863 156817
688437 214521
102486 192482
763200 314808
83890 325574
768456 546766
985733 596405
147201 752376
393442 973457
145012 803360
754768 898680
496241 932504
749570 470850
932132 1242
785785 468831
884435 215317
952916 924256
594662 280131
58918 600246
654688 500037
746664 737965
945027 335157
859139 5930
272325 214620
942046 79853
754292 855400
744415 697913
39596 78245
880368 187930
214427 252340
934370 48901
21288 424214
856762 626942
689697 285430
804087 884752
617993 127648
904055 512587
927028 358159
153099 193683
907975 927561
71636 773111
810543 495728
858822 575850
121609 853907
344732 359160
402832 603924
734328 99236
124895 428453
33124 88359
414031 14938
219776 856287
189516 719470
908680 621640
687578 229742
450533 10313
325859 612090
145577 105490
809199 369200
437800 804548
524505 421188
394839 925235
659041 676095
635926 852706
444288 636250
829939 543861
837782 51807
244561 205930
989319 617235
867466 275655
220238 354069
554812 743961
808236 734819
866633 315650
797435 450749
331843 987703
307670 682386
103462 100463
330119 587553
622290 192011
315229 142569
448622 268011
771513 43035
205601 111716
530194 609998
883484 843013
820551 364496
724906 969828
836318 980069
824602 352545
209622 865711
191454 636083
596269 338016
114585 671113
644774 423136
463908 674419
431848 34571
99566 157040
708859 543288
256580 479732
620339 413255
361789 749854
423937 912323
507664 163104
109976 923872
696917 148180
609051 465939
5271 641220
115202 685251
353159 203034
649611 286143
799551 817167
458544 321935
975496 309307
909772 583856
430328 794737
198960 576941
661133 926817
159015 550118
243997 494803
589285 423098
560740 218476
55948 12999
296276 879115
688705 542031
344285 630352
833770 799266
625580 798156
637202 198279
250782 832797
391529 140513
237079 47018
331170 263659
392768 230268
895747 871952
697482 508103
329903 440241
58185 210609
685903 519104
782907 951463
578550 874106
439174 356485
624358 290403
806342 173580
851821 306925
524246 955957
463182 802136
670512 233473
407435 967976
451396 167985
316109 153998
815620 69635
895671 906137
105789 674968
776957 159253
313998 478845
999250 852403
16936 193540
820467 28529
962453 382830
552581 747621
229989 370058
761837 641729
2769 980340
222833 228760
732281 921412
161301 734799
466259 873720
13780 52670
288105 171648
804336 311129
382432 281262
648384 520999
124130 385364
450483 844224
130543 811401
650291 923355
66880 375037
999508 856126
992495 822420
840034 609192
731447 940461
445875 967715
810805 990193
446376 144289
749598 250574
598800 23591
367063 412831
30306 192019
872499 427705
843035 840110
460377 633108
747459 366107
975897 685608
932740 336900
953695 227388
781532 352116
305923 357300
471649 686848
377503 350400
541192 275045
192986 226388
198856 869425
265069 265440
671235 530306
508756 964752
288571 488888
171096 626259
142161 321344
610413 500940
942675 954882
366527 617969
506151 214142
141456 202851
305875 354496
872214 110429
886389 917540
291446 134764
315677 873588
540928 776555
112624 276879
429338 181301
751335 349195
938486 876316
32500 914053
779278 527230
194816 418333
841334 511254
11492 463744
565118 998257
715949 730293
840686 562219
453523 415379
504699 627990
119358 955269
649030 387119
922102 230718
198296 590380
219080 762735
407822 727296
45192 375269
371180 106793
803640 30510
284430 64918
763550 338492
299335 906246
559379 924
513985 621246
276104 205857
850812 441599
118129 278564
298041 697926
354766 509907
444637 594368
176488 745985
520126 331906
945788 584174
386465 620808
453865 594527
410040 411170
688444 407672
564858 564454
145956 775380
493032 57264
131689 470836
265774 801579
866583 825625
494660 220673
12681 471997
992928 82775
188710 284988
882231 304067
963410 385835
246471 639413
205338 365171
327543 508464
551369 714269
555104 571826
600299 166841
270212 495158
712146 658319
462441 61415
100746 477421
409357 699720
855713 623412
121509 929453
431374 81375
756809 479081
593443 519383
127271 870203
560670 197448
658048 43578
362781 745899
20096 901716
918887 339222
758814 526896
54620 811005
481034 330927
974160 336420
229423 439685
101530 626740
863787 138020
465029 775115
537265 812334
273220 252439
30645 144130
609214 603784
63182 999437
952682 448806
969939 176762
922713 896332
21132 299572
134881 788036
880333 980541
104483 357116
589840 832572
371955 445271
295801 417056
449960 46020
723379 136854
176685 182911
332283 458748
171297 365399
348887 493369
781963 185637
940433 597206
838276 392735
180185 728435
614907 683974
967385 614828
734058 75762
29766 138135
285531 254743
922407 270079
92302 503674
642460 676474
481254 10750
269531 527698
209127 400545
847156 760718
776206 240171
383430 174248
784023 279071
432705 472712
86278 5369
420256 836099
930698 634422
86378 430467
68815 290526
498911 263548
451503 459703
89389 838984
579971 649653
538949 919481
234363 484958
413299 32764
732710 512863
691653 642727
258560 267927
816840 608541
541773 452893
135353 362105
382758 80628
971913 928957
434216 494501
336092 955818
234079 390215
647752 112957
573197 990796
541559 773302
489037 89126
523109 272617
957574 39639
449221 508134
129604 389914
671565 658228
800987 843371
926717 958100
787334 418950
296598 5845
739298 704121
459343 755568
88897 145008
473857 884709
505534 896137
825610 150969
614138 486555
139877 56581
938635 817848
564552 613507
791578 998569
979568 29772
81212 511944
808460 331692
90212 772752
798862 299107
616553 357462
903299 4762
922123 405529
520978 919124
529908 402627
118341 822216
681945 846995
324773 441140
869235 112805
72261 221644
27622 813710
479387 764077
878005 182501
374724 799154
75455 756471
365672 495636
325395 631712
93804 732451
818375 368675
263140 539557
129915 224016
307279 301702
73454 110691
686803 649789
921559 812799
61855 998380
860626 262143
955919 211546
527817 599001
622635 879411
981012 38416
251074 866543
620671 697830
108839 893423
135782 636380
563160 205796
116770 546075
550577 653872
528514 262133
818604 936326
997934 203022
730945 193493
805867 859256
41016 464189
826567 647429
420719 301712
410374 209836
656027 426323
96036 612832
20310 219494
591310 680109
810623 723950
674083 679028
861520 388149
458975 501514
573888 300344
777698 574575
685845 224066
899883 802800
57560 595469
190955 846764
923976 339557
919621 175185
670608 166636
623853 964477
9320 736196
317892 950448
485750 863922
211370 962418
480036 822568
973332 961145
940364 748794
107435 162708
361390 248476
658608 166543
310417 643084
466206 201784
637569 742546
12419 653024
824150 261462
379255 955439
30583 649120
183470 749170
860821 259397
616430 509593
947333 945601
229482 425131
994901 820912
837536 225237
135889 354915
821567 676085
550813 260593
956569 716850
421453 130280
349958 401460
878685 286930
921032 611436
638687 477495
336532 556628
594250 721783
835704 384733
894471 51331
261489 457917
744078 799823
595694 927885
977245 888606
426028 175958
526990 162277
747267 972710
789969 694889
753388 74565
543053 927807
962010 10110
427921 988528
715715 687494
763889 643753
308445 710817
44345 638621
264253 463179
621504 449922
201377 461794
632110 922347
248294 508041
449932 748431
758635 685533
501813 536433
708937 821931
220149 348455
90891 591721
497398 415277
716933 42168
200646 89589
621899 896317
739052 525624
257823 964646
894037 160493
244357 626235
25978 687950
947877 651511
893133 678649
889868 2498
704713 562423
233115 474723
628753 981836
685449 939022
892231 682647
521485 204369
523541 145268
77469 938905
626049 822995
566158 474596
31445 634048
733924 432444
688089 886405
990707 176301
170366 210813
896360 912069
792628 461985
666625 104106
617507 583561
596453 718631
575842 572002
186775 489197
414725 537879
179119 546321
223986 507421
442015 563867
184981 352850
732895 370987
554830 405762
156190 559138
49540 628270
305452 533201
793449 18969
856643 807188
17208 430030
256495 142406
87605 671279
894972 515154
57332 529297
371125 977757
88406 362847
183553 514508
903612 999819
847784 196723
163226 625342
807475 914800
325580 764189
64380 978845
772152 715923
711119 208780
300232 722691
401398 212239
332414 828883
847775 807445
387201 627979
945620 475881
96175 975544
573876 36695
702768 35155
225938 756983
931757 395315
546782 694513
902810 318108
801909 104409
732712 8084
144984 217328
114887 991349
306396 58374
779804 821276
21952 950005
56052 29808
367896 835383
929039 223714
796522 442877
350917 546088
750682 493006
879959 467260
474861 399030
985811 380303
188414 218214
342402 825630
849430 694840
884689 762075
162894 109078
795432 929194
160977 239014
374012 503331
540025 624839
924198 955665
384198 596885
54859 35509
345736 130755
767494 657669
42415 144878
883414 611404
471625 657118
308335 22340
436050 135485
184903 624789
123350 950110
625790 650700
162529 792732
623162 57577
42737 469662
326366 137167
349466 439774
518671 118250
763393 708382
551948 856927
914549 797445
634315 839021
673180 65561
231183 355160
227361 68894
645458 850297
85561 94258
685978 907539
443840 438500
409857 854835
330769 403996
826953 753735
23975 108107
102596 188499
249242 866309
941976 90420
517644 475980
567718 508606
779576 744466
464611 89358
771044 205508
149768 7729
363560 529163
255374 216835
301930 298742
741072 59683
67314 494124
99540 771164
303272 597905
215863 867977
568852 553152
743796 524524
669960 933236
175429 558694
191581 520364
148251 428826
799087 684178
959069 755473
225483 173091
379924 682403
563349 91207
444720 298993
94347 128263
68064 97681
312917 204173
550846 105074
582912 829931
741747 331740
632765 142465
873896 379964
935409 371061
872844 484812
889716 444890
730633 565177
977988 698978
428642 452589
25127 130881
111732 102980
7237 690349
617467 630585
430301 205867
873636 879882
880496 950236
371981 794578
541629 688699
141943 27073
122338 161727
316066 649592
202825 111506
506019 44924
932557 818770
111628 95151
59918 619009
300768 377979
527062 445096
647727 124210
697271 63318
974868 466127
998298 894043
531625 353044
971691 558308
682069 227190
115693 42336
347448 411552
738567 176509
14608 954476
662977 953059
173514 443648
768783 103503
85760 995808
945650 60155
173230 927989
66699 817359
811938 566422
830151 386908
768325 186794
674334 282038
718043 446875
613797 213574
409005 854569
660703 762978
874164 350090
542539 309864
178802 447038
404643 106497
351621 729557
779238 904169
855743 707423
429367 544705
248041 751971
564372 941488
912062 435308
459434 565271
101469 427319
990057 501087
709110 154684
98184 527012
655228 191538
24686 548251
421796 957980
47873 388379
941391 850178
359604 367632
439387 83897
991006 797927
739522 492408
981959 614252
183539 59539
632983 549383
786105 561976
431186 491229
857762 18508
910745 847387
605874 451915
81333 946230
842447 867688
865610 134930
117890 447310
615219 555377
955934 794647
274463 311974
318358 22884
820812 795529
98747 805160
640288 355773
559439 25431
272092 709554
782068 399306
827717 790246
982931 535212
3707 873810
778447 734629
537324 12601
157682 404062
248973 561920
631272 6688
391456 392272
492038 124439
997264 8129
49007 772537
363294 449665
801918 28128
981358 770957
873256 753559
932678 44901
486494 263914
397875 308866
974769 47056
18995 582953
634830 790849
473563 470594
186049 2848
600627 946532
726354 585440
341039 473499
942593 445607
991323 472031
121148 154138
448204 258727
432048 762586
611277 886858
337882 538720
734545 754540
933249 105937
724054 874739
658198 190014
705134 212623
922361 169950
824091 870010
498164 263337
669736 146925
815935 695961
431482 858242
970034 506123
701542 898457
723259 248277
302851 27001
623544 296314
936761 644464
647452 247903
413828 892352
256610 130886
624877 378870
268612 938163
566954 155230
762057 289014
894568 825827
171940 614231
662401 456289
489335 13312
616177 660179
348259 911991
819399 265999
627481 269618
393427 142705
903901 80347
233462 594978
632302 772827
135073 474131
7528 101205
113416 898638
189654 728460
21200 166403
289076 28369
538442 99969
42009 104893
640523 655668
812104 308172
25639 197285
36393 619633
683685 503646
183717 995484
262872 497065
87558 666599
824771 945451
762105 527990
6152 4541
147826 989155
765543 51405
568900 753362
739575 847889
226072 811886
56251 361025
225292 438014
385003 183382
567285 321057
188933 515180
323074 933685
744843 225958
721132 208274
829285 391444
735246 604693
354198 551067
628041 611946
291572 786464
437585 135193
269089 612873
776520 773620
218371 275958
435411 142337
893715 79201
904086 681394
143468 426918
899973 630475
951436 92382
522777 410956
130885 439681
922431 671061
427126 221836
637114 816051
523720 768715
835705 838152
213413 389465
688741 205743
998871 297004
664862 756060
573426 398000
890742 523685
824923 217684
832373 865173
700080 539376
591885 507833
149159 500866
940586 225220
968304 276792
466950 638655
694771 489238
73963 339597
541690 916512
426966 14643
59860 352050
63666 637326
356225 176140
866547 36993
177629 371159
20287 287276
959410 262053
444259 793392
117929 400598
183664 123101
874454 722418
205722 472767
307741 962419
329477 714717
626956 665953
665822 374995
633420 154416
637673 804972
698283 508096
975623 208584
530838 360758
47990 854437
937233 348184
274195 936590
741482 748260
113293 814174
344540 432630
687464 369846
568428 433904
212438 713274
458532 621390
238910 170819
247118 461095
272482 319294
672797 464952
260706 301613
595973 238943
868679 20349
853577 588215
329279 69725
373155 624442
395985 187291
782190 501712
402571 370411
183935 385705
999208 155971
944567 424742
204627 30651
553177 429661
689963 198219
761785 792605
546586 765560
672579 337727
678362 316220
758403 562184
96166 387643
500770 165276
917984 212085
308809 961870
900798 811612
681756 734004
553160 337701
370732 620990
833113 893959
35109 221679
57216 857144
626170 705655
613713 452017
220379 596470
461271 429397
217303 689263
536949 383506
712118 881839
326601 285836
615405 575439
826242 968358
30739 506113
455428 249751
380750 304234
578116 96929
438345 133837
570656 540476
949694 495320
566283 828386
216759 321713
605633 272442
712717 193292
645336 201843
800124 927059
194755 507327
820393 416659
970493 579106
434089 802432
142179 985174
479242 703734
494731 540956
236714 819935
81900 898234
894347 938201
558766 50464
380681 898255
652049 629323
478285 904273
494969 999736
694815 760823
218155 775306
140790 197356
305209 724856
894543 132108
972660 24929
881922 854736
623331 499488
99395 925649
35867 581386
484113 718775
698056 163104
518225 697080
546997 158222
684370 220624
429056 731433
853911 474046
999970 197204
758999 425092
394611 571206
803069 667046
390657 826848
127743 908169
308576 943683
921508 958353
181025 859617
734662 183668
42271 575437
823659 868974
509657 532161
120961 135844
326997 325930
3975 191115
594362 55785
227744 968266
946408 876977
660582 872535
415757 682804
265177 929335
542627 335469
491323 623758
159346 575139
204139 40502
238445 574940
517334 842407
639214 759954
879589 700547
406614 178750
657928 541874
395606 121811
606057 934714
219788 141551
341853 231286
855812 640169
402372 479287
21507 64148
303764 571561
491195 266731
823700 150813
852450 591803
616987 447176
859401 947879
900612 293539
825248 314208
745735 854199
893488 333071
392094 563496
558231 812067
538649 478205
15513 877580
63471 194794
337316 379407
595978 473408
551901 690861
807742 442731
483877 871795
141382 787779
663609 427323
251273 857919
559161 342015
900791 179139
999329 932468
119271 34675
836096 425029
485851 434838
124353 255166
34712 684992
612318 700061
196942 484994
706553 957198
294214 231646
260745 416689
230653 293116
130536 321826
348744 738824
848275 657454
290484 147628
27018 406108
385864 686700
771546 318444
597593 135874
343736 437773
496906 86000
647415 436073
412106 585381
403835 400136
720428 244517
798333 106528
732867 826363
981934 81319
631101 657920
618988 300490
126542 820228
95125 765964
367290 500346
812301 980975
608166 702522
145127 500356
507024 296660
311690 744455
101517 152987
593929 617308
242865 991586
657754 395576
551803 50845
334705 244597
970116 895795
261269 947108
626670 456776
442576 308282
303166 880956
295475 780921
549340 109762
151348 335633
830693 327924
349616 451143
25670 218453
829197 796939
610545 410617
430281 415238
902596 253441
613335 854757
421577 433291
160783 375090
465817 505411
970819 173908
4551 335751
535015 720093
441774 797298
735530 199678
148343 57683
746336 973581
389579 44882
29810 798005
243151 945890
446922 635575
649212 374905
273229 609935
184987 545132
430144 107509
138945 984581
827454 925267
831583 726680
813465 818460
538902 341371
49789 265253
410363 653737
920209 915419
157640 746322
591048 280053
418776 223538
731911 940716
968274 514223
265288 586166
389176 804901
838653 117970
256478 469340
119544 401455
314909 585806
447472 766427
64577 311775
533544 223459
622987 392018
239385 221374
64621 576668
205573 757425
844452 961509
185395 517004
627153 256714
609190 219788
973042 526125
903691 240722
908948 171687
281601 410932
651137 544931
989228 108160
187865 188282
609437 520073
812349 526119
107204 899875
770843 303212
605203 314315
704409 441439
548858 841507
607386 19870
314294 472387
825327 621359
599210 397465
255636 662744
909323 255598
540800 591370
843680 91507
547347 76366
57825 819995
365893 465765
906368 88973
405472 183257
321731 651265
441784 189680
585051 874919
440556 657878
391715 665629
279445 10193
212439 918180
295681 582795
315079 346531
451126 656313
983374 679509
669145 73792
235701 460744
595639 518464
794303 751141
30810 235653
583454 399975
436283 478248
324330 526650
635421 868507
603542 463379
932317 580245
577822 415076
214339 298950
118849 233995
516643 540274
940100 832960
540867 450758
51451 130959
4997 497071
854886 75389
647597 863204
35123 587702
836247 56309
514043 27911
44476 643746
505132 965588
725128 230713
874926 756180
654188 44502
973478 75598
294045 827523
313581 62102
85559 966416
817140 349643
446810 85132
204209 995904
853788 390533
3236 671580
846817 645638
243305 955557
610712 637222
766587 726796
624959 759800
571438 849450
152516 919150
414326 140243
362496 239970
386359 745078
832732 709698
493960 915542
779151 961540
386231 633219
764314 173214
366647 517647
65591 847567
222270 315982
576896 984868
574621 869643
62998 886632
650637 387192
204479 990442
250510 25135
297180 347836
730790 413326
316571 67753
681987 348808
302305 959632
327801 365789
631599 312139
601074 97253
760749 838036
722899 186768
475804 377901
330734 626168
198761 831099
841964 522789
848261 122940
51718 874706
481258 616001
309108 204984
562233 491783
774870 349417
222040 609618
468066 981143
480779 188151
353412 622782
640174 924421
142757 272836
941147 513354
180999 805919
828266 31699
957378 321638
591805 811502
291389 725795
341827 691194
14326 911663
970154 646342
561624 927819
150511 853937
761745 563357
523609 226203
631144 205301
320660 506053
993913 837592
534245 801991
425815 383992
169017 299053
554042 687209
541930 965143
348486 488376
199847 637451
303138 574480
424102 310660
158718 681446
967791 532201
392876 251002
961484 650197
269465 859593
450175 183682
802787 239183
296512 205981
919371 893084
860455 483078
771936 410871
96122 777934
878084 912717
79235 145709
376768 607832
1179 971079
422593 890468
723409 464214
786604 500446
838682 901001
533675 321555
414140 813584
924658 420141
289486 113283
224890 126665
765278 464126
150936 420859
355975 774581
341041 367623
367872 885553
863500 352237
197696 906106
326640 369159
567996 557816
493663 906234
48247 381463
19508 945123
852449 522028
992411 432632
65476 238780
323274 139128
530705 336899
583649 645167
338127 912477
352128 420342
727506 412346
488825 310819
793413 583422
130195 806350
513843 953767
133338 335306
789251 847199
353559 531424
778468 104241
613881 623287
387246 163490
866888 775159
63392 34048
571044 376843
949068 437676
276162 433702
302732 379843
301842 613594
556837 708476
589634 524871
203652 969581
28523 862553
843850 942137
756930 962796
624374 443865
873221 117836
222795 757211
118458 895480
431964 227798
611846 362934
937976 984834
5994 792051
830201 968535
902602 235957
946766 243172
301679 310746
171254 191874
505361 884577
25087 906788
24043 964992
335438 674037
674228 407319
963664 77386
850152 519974
265722 114113
377935 194309
19041 278029
158678 142350
159760 700215
467077 6528
553522 199630
778686 9620
545315 276835
212682 942492
696941 969070
36761 698099
546559 392670
231022 176749
43307 223585
260628 979547
674664 767542
356536 404245
675717 698122
912059 164557
531610 971378
789284 822535
642252 982008
130447 801748
864575 492294
85143 234469
994928 169113
163397 962496
773494 763491
367024 219903
519330 833722
568690 844560
94693 899545
657259 699120
822067 726065
598507 612332
870210 785310
941711 465988
376410 340372
93729 900026
834129 49428
513114 372386
399504 18975
879880 931937
219960 934063
517321 294253
153070 579004
868753 490745
826899 7884
294816 286220
307865 134183
954875 797659
821063 134925
853615 403931
536701 531447
945047 441461
202501 706889
689490 583610
852640 230836
49091 28162
682645 756742
500919 590893
797561 359208
575024 125828
38172 226666
49878 158725
351812 83835
383239 636685
36049 34343
638164 212844
243767 193381
546391 600281
355018 338780
361767 277913
556845 852207
85841 790289
312908 791838
868824 294477
445160 228482
885547 576963
282848 840309
19228 843458
218893 581148
726499 321930
412766 306810
306188 841635
496548 399348
64690 604819
140691 408891
766415 664534
739777 387172
468851 653058
737619 188684
252627 807472
172944 579476
316373 8393
524425 728935
919365 569810
449024 164076
303252 656981
497308 765958
417749 462019
968965 419448
720181 136626
742027 189485
590868 416886
638452 592971
145345 992178
401762 482424
981353 833765
930861 944901
319158 790690
726825 74691
155584 115108
665214 409659
904581 371453
788894 665266
532283 261022
219728 167216
985243 70125
986188 414804
445793 413952
332598 963843
174910 919134
637729 628491
585688 365683
796556 59384
459762 324153
829241 388818
152789 691021
269907 561324
516859 58593
176704 426756
883857 703862
267109 164932
619477 406723
755750 656607
619976 842562
59534 106427
208801 16386
578107 927663
608469 980694
698599 427383
892773 296188
882963 210613
215349 848679
486608 733647
808780 664314
403623 538048
116573 359984
583952 652173
46009 990541
950887 914970
513440 940567
945454 131179
460003 896159
317005 394799
228198 675816
376125 131646
945335 408308
425765 559591
804500 559936
399039 981554
653412 233553
288373 569678
755347 136247
357511 583652
494504 776670
142041 869208
477236 432619
131784 726681
856137 348258
454934 689993
147614 310070
613532 292863
250292 4404
400931 943884
557626 537890
833121 451076
582302 358800
877074 774054
218589 331212
810148 607476
447550 961771
100355 473381
27643 445937
842118 127654
603104 857309
671583 364889
22467 947744
59167 757855
106529 742558
909939 584061
583861 831235
558547 546927
147709 302393
483304 546737
260352 511646
178297 864627
726181 402516
527322 530240
960785 817302
22231 296136
63321 357368
349278 839807
214561 801812
361416 550361
727958 11872
684191 784878
945310 557760
221815 130927
707750 128398
516846 43191
710572 548709
265176 538553
507352 716581
445856 54975
554913 55241
528440 422247
26382 332098
816031 29603
281717 543227
546999 24090
709925 398774
814386 239010
227330 104948
768770 152361
136194 963431
260695 394098
809658 635035
915520 118929
899988 607885
253154 823731
560471 490589
660488 375116
882105 665718
691174 767295
489177 884989
617123 824409
737063 117813
917661 520905
551155 954940
27974 579495
464776 39850
595507 857390
995396 885461
580773 604954
82072 690215
718824 265474
240763 103636
110062 852020
640333 466563
642442 99268
300353 936435
496655 340865
993143 568639
521887 554360
391833 723066
955496 48104
802626 301782
886977 286310
507398 29400
818143 62343
169312 236962
613507 765923
634601 93696
475654 877443
520393 365949
111404 296014
721303 356354
35649 905069
254608 518581
643179 191593
578437 388057
955875 79234
551052 991027
918587 308640
127639 535880
804846 769106
599817 272201
387375 184113
768268 804581
760073 958208
963692 309918
971537 376664
871963 334189
939177 37874
578634 779138
120311 333415
114939 670000
387981 176706
192997 904799
226 592150
679580 968414
154105 264829
434441 380366
111753 746080
600609 579640
452051 645918
614974 756530
416583 605834
475331 285914
585487 475758
593308 604274
72251 651660
10029 5263
248882 44471
290948 56742
183128 120604
479650 293727
937060 457408
624694 171814
353168 502191
717152 279164
620974 862839
837910 37260
259651 392759
853527 788495
124266 398187
224190 937397
29569 718810
871093 879248
378187 431369
563190 773420
718804 247998
515808 223273
117866 184211
366061 323869
321994 175214
431421 143949
969459 197408
533374 784973
78411 635811
104063 975660
786416 903034
400334 68763
394719 294427
216967 594909
854875 244433
595167 841090
973568 587464
467027 279888
312716 113465
942723 925670
921451 13955
121347 679837
530285 757644
559522 837380
409245 241272
66141 347383
527071 395017
15945 410188
709962 668405
390056 94819
570869 347679
657977 675525
981853 875711
143883 408491
587121 266370
692875 48619
55582 70916
713520 9995
96192 386957
559594 93532
691594 841747
635775 679979
132810 73316
170888 939020
6727 506923
494821 771018
352394 627350
535507 619714
250144 973874
65994 431653
588224 682569
669139 337967
188912 834937
179416 137530
337370 457838
456643 666923
46449 899567
856236 770167
626269 927583
430493 461987
324662 46068
762557 426611
673078 616732
145756 520138
204127 902127
168698 482005
63654 914951
256902 61769
363032 628497
502372 425864
914136 708188
218016 567955
105245 877265
377197 734416
618699 621691
457046 277738
17464 325992
160742 362821
371446 79528
66820 21784
246308 213111
168886 698715
232532 259289
6945 918335
97584 68319
420460 533562
358031 591443
14167 473000
391426 763195
509843 453970
352146 826482
923009 539623
756385 700364
251975 225324
644900 344173
122148 769162
784485 259788
519198 937004
474338 442044
27369 430195
795767 877658
552547 763645
831814 403297
822835 711494
952507 965250
487910 233838
875372 384072
1853 331915
778917 262491
999832 861597
688996 463733
72748 710647
691699 483685
780056 11423
156164 925220
768381 290085
687778 855720
889082 350118
247143 380488
387661 796558
706343 412530
237761 460546
413486 214792
412024 409326
722743 371699
533919 400737
996824 64344
365899 31366
780164 77029
622755 164065
407037 643352
643750 439827
39993 862369
482502 623422
861237 620837
323226 756642
923692 378650
915378 212240
361863 984059
140940 160551
584774 552954
757626 966244
226591 748680
804736 279798
596238 463504
54044 630558
505316 85697
223189 220064
370673 809283
840269 348537
654309 914371
346166 211981
337297 82660
923675 775481
162314 530015
252000 87942
345383 750875
517655 214943
194480 675906
170511 130600
51214 543241
780147 475150
266819 452447
239541 11644
250588 914672
313706 144665
5226 80838
464991 644413
152351 461845
148379 558950
392405 648203
943227 578596
840932 360523
515385 824537
322422 554235
240332 818649
320910 682496
583771 673646
492909 282373
804039 817941
441607 840336
961633 423712
316153 132916
495527 303484
36267 197308
972965 638898
379543 648316
22230 561558
44731 28824
445379 538021
441962 637313
342600 920248
852401 892272
113944 537353
677805 333682
744251 427576
408696 975860
215698 15270
962943 514027
863262 45873
384613 383782
604766 312755
627275 171705
297078 741407
881350 92265
410876 631727
352687 2352
509288 842076
683935 141480
662005 148451
703138 578666
221822 779729
846632 991296
210455 353056
659051 225228
450200 677034
762478 264953
53018 536475
780210 687223
123899 356065
352052 951697
505872 502852
744123 988907
929458 281344
974033 412201
109757 353938
190284 43652
953244 6993
511677 630632
409032 512246
480196 769895
556915 898997
103365 387381
580905 668318
388517 850867
672815 576902
296506 188171
99436 513571
97463 984427
252835 265413
190744 409725
54643 74848
963392 631539
360822 275332
972268 253346
53081 864680
291643 930187
124251 585338
26678 769311
567402 495326
315721 854803
575535 404946
585458 715056
741263 484029
105889 308922
356024 807078
853617 788302
419063 432729
674964 950867
47263 430281
295848 674918
625885 469303
804719 458825
425488 943191
185548 761499
576153 563866
938607 338965
393163 652232
304020 17897
878704 28546
958749 960819
615537 759417
470780 244152
311581 790248
703110 841430
813488 136089
535436 177680
383305 938461
900726 210123
253966 323620
189898 614163
715991 982867
444152 140013
91272 602645
160066 18959
913219 193702
212143 720436
769318 754683
881525 959414
240948 590073
547997 189547
114271 980772
806937 964074
207341 869090
515354 44149
417956 26065
177029 386913
346877 404194
242925 111280
241605 686289
548255 111285
546926 97138
630847 816570
232709 124663
10911 860139
447577 427032
478101 785558
402259 518705
630983 29607
179095 350556
676444 189208
564388 341538
423921 179470
619415 678439
425640 117184
645588 386260
939511 305254
365255 473461
36075 699654
20262 163694
548073 127688
902156 779765
493428 242
347611 572117
557143 46120
716173 801633
685768 761752
907609 867912
864771 464222
930073 312621
105697 464144
556053 223584
154046 900272
772658 706535
989806 952481
954719 907085
557269 87125
301942 763203
565490 311511
919763 471456
522461 453811
756320 592486
36082 756099
62918 818504
160156 55713
523716 308213
380377 116004
81369 478031
53306 16516
364162 433536
146080 582939
801535 821000
680511 386966
860128 789837
123860 830057
692593 775564
825671 373879
452527 234985
147395 751667
906968 338165
829276 71996
706503 477314
988457 610188
810424 396652
802095 950169
884823 5389
655159 941523
360152 112654
875958 422416
265498 56176
737556 357730
28605 416209
436227 37570
128115 669634
569882 174573
563659 251894
351238 612009
429016 372354
120033 93848
734558 935111
142075 321790
74534 677835
26699 177152
615882 597298
331021 135880
21263 123639
859510 452257
582067 948696
541723 83664
301855 945196
725751 943970
362944 382838
450534 54641
733369 943720
622695 902157
812869 230647
120095 174767
856823 78000
11052 935924
809489 786582
352774 272208
648292 988121
40300 398739
852835 425082
630826 424754
253 107127
447745 955780
139961 740965
436639 373960
551496 216426
389526 852638
28811 458838
487055 214042
825474 7599
9611 316665
506878 451839
33488 851102
178612 814550
761145 420846
142000 740053
839262 276961
45889 308747
194011 79028
280677 899644
358942 134247
773017 723810
690878 274739
190670 994901
971108 156565
637721 325205
917631 980159
664824 791694
291719 103599
999136 150563
492975 184238
65093 711390
36137 128420
540477 435070
860623 704348
286423 798798
88566 693817
651928 620900
489047 526948
116235 58359
703931 429428
113060 62522
443247 879435
250614 370926
958168 729187
497818 549846
383371 400058
826285 924614
901908 616443
815129 87102
57661 848602
236218 858797
442629 866277
201600 162486
106030 480051
717524 937352
430533 387932
645419 13876
122410 471241
594879 56014
211398 401821
448395 546784
706053 468079
514749 743118
281938 154378
402640 184304
1697 639841
58268 850683
276423 746503
975045 896092
625227 722530
468675 967256
581539 67570
893590 425640
383461 199083
835693 168434
927630 551741
641 660035
736821 445217
537926 718845
594122 228858
312824 597979
183311 144029
165357 117716
791541 956775
488274 937608
554500 12336
435183 664673
987346 281715
157207 609719
182899 443470
242286 823280
917475 524918
783645 739338
682124 599709
108342 918527
522505 847130
326221 874586
743260 830434
613601 683109
461459 93728
159627 541129
496827 163544
333485 27051
726113 852079
122106 714220
820082 342948
691011 411317
807344 411937
587164 747121
276411 70021
921077 161400
76816 810866
158059 396552
380875 207322
117091 298041
779965 52642
997928 314203
754306 465366
45087 307092
350996 415087
467040 305258
340284 500723
521221 585655
302416 368115
388916 353929
582304 258827
891454 188972
883262 957603
889686 546999
948536 65103
648285 390342
148502 927239
11659 542030
371808 138611
187423 470936
542726 966558
977260 914895
530493 954404
375861 180938
588333 679152
978042 642365
823759 706158
950992 373952
411101 478726
854866 247488
72493 111305
962207 856199
238575 639877
48241 672638
344937 680860
716957 325243
347982 356850
152818 569192
546740 818172
203829 605057
347674 11659
733976 825675
643976 553395
60201 630967
451414 982691
820730 161965
488483 750743
224840 556932
244449 244119
594444 893473
30953 777707
224677 504160
192672 745997
34337 73648
868289 984707
28830 835462
180640 663090
429269 97399
472016 515902
477635 814590
945782 695240
528519 316137
271443 315987
603882 67739
285144 717058
995411 998897
42260 147114
658622 736649
192769 251023
453094 532573
58151 851134
171532 851663
277777 777567
162004 466663
889371 677899
260333 467175
197267 132230
912751 989574
795993 765206
797545 32646
839055 455257
735911 800688
386574 498354
846064 545620
176428 772079
581551 505788
210498 950541
253100 976693
356865 819088
723707 485535
509056 316805
200703 455024
345483 797677
786058 185274
302352 680225
239197 381294
526499 649449
204889 194999
437279 513865
764358 945605
362249 807643
457971 973315
305552 856246
167486 891615
920287 997023
905468 513993
222109 570833
121515 708194
852020 419413
773063 505557
837692 912556
454651 945999
115089 7819
3302 545728
852613 264567
158867 717563
743405 332620
16724 572705
557028 549684
864780 931454
880220 148155
323834 2228
866025 164561
591854 809402
483058 709996
788187 754163
328174 892388
851554 781432
257440 188859
982002 342046
453847 974736
342281 266074
665786 840858
766106 898153
909297 899715
474586 962113
119805 800830
59317 299423
100097 133138
824097 186483
298126 124996
64194 102682
235389 149271
14095 173973
465549 907536
473084 712733
107006 190955
391704 453208
292855 394721
742435 29739
293759 723958
595994 710536
155195 54477
326961 973563
777251 333262
614536 575712
591289 360221
387457 362899
793882 413561
422626 983413
639454 78073
968851 784967
752785 470894
75687 655289
756671 632341
796810 77775
889167 956795
597396 854334
826941 429997
307388 645112
48581 356782
638814 447958
674775 937569
854814 973174
585023 777148
721162 149262
998594 143064
659344 785156
369192 758422
394361 842675
883917 334471
594865 486293
858168 104917
495733 721767
151543 711770
694041 905378
118923 432667
605371 189559
190929 115723
430116 636456
343804 489701
556118 9980
797178 247425
887346 858722
370427 864894
83761 272308
787592 224210
363979 351618
584565 257137
181866 215813
752626 866807
281563 887072
891017 783423
795574 236093
337136 262772
10831 620596
305036 198301
370794 589600
496894 146173
757570 915736
241030 198074
234219 885490
182173 642184
598200 977808
843018 216530
955077 925035
119633 312984
226685 4520
457534 174070
531229 381835
414750 702421
754221 71400
959642 933485
13731 860151
199919 826843
103556 460497
85166 612624
524607 670042
584539 999089
237129 347296
316857 702036
703725 491611
711159 468076
876975 696149
426795 629127
988114 978741
296711 578058
91410 577656
429224 582847
275260 212314
979490 406690
470477 172978
727000 107926
589861 754976
734994 563328
516165 328174
169045 878251
357950 560168
719485 564925
341784 976554
417150 621262
430247 757281
821819 218268
753352 463620
86185 340119
44152 203206
796954 508216
374282 894374
695568 623580
258472 188237
101354 768854
755948 801971
620015 62668
634926 937301
968470 356614
649400 88814
427828 241212
708024 253518
452731 292442
125538 861813
495356 267457
166204 610917
668628 483784
781951 525691
677591 35827
557107 457282
63313 492306
12237 669618
738895 855136
479016 748121
35165 47689
592257 235799
152462 179891
811205 354905
354044 294098
554536 745956
771384 70017
650263 284418
777328 647269
658587 764290
727541 857913
8765 558904
484352 404803
356997 388381
388618 820381
480978 829130
526861 413726
11136 428929
804744 606178
994807 198436
174331 421369
491585 517431
840178 359889
812609 819217
286978 514330
681501 352273
890211 603249
590535 65683
948442 288803
911351 73498
901370 364408
885369 213145
928102 753613
809208 353115
68057 118928
532062 607794
874675 26081
985976 271146
540541 736246
256732 642757
677615 922120
999833 274756
864709 399568
520878 546997
650313 357647
332372 676551
484435 938157
379803 734850
59166 632072
145950 53465
679233 404790
310602 383618
499864 12794
160646 941866
992616 309099
528597 865075
45711 375113
714453 471354
575060 133338
893160 141534
298166 923368
571683 821592
629651 987457
273622 414205
464536 744374
183812 778238
747407 921732
522627 241567
683116 82600
282876 49086
111371 184421
997788 942269
277978 528099
185004 510225
316932 499112
707631 135844
369141 861628
241075 272204
177159 265501
470142 151389
163198 433262
126432 930702
607266 590414
424813 171025
584217 216248
40069 377269
489914 483211
421241 929636
370974 179580
4520 678188
353943 722414
192620 263339
799228 61313
925155 949653
529331 498809
715935 859072
21356 159968
295055 627278
504308 258097
878077 85243
140653 68542
125118 261990
935123 210026
495657 692815
298959 92997
155004 202190
692283 347549
116212 58910
74341 313446
705220 11965
760151 842664
404647 229572
754631 767916
616195 812794
647779 502979
316136 98777
626792 741558
96695 477956
986568 952372
771147 326381
542963 948378
572316 804198
195469 227944
256283 297254
872209 673730
290936 396199
414086 335061
894318 25740
529424 781850
395349 235992
853355 289136
954416 240822
149534 730796
124946 488027
494043 280097
940330 92305
55526 362159
564809 489730
216737 354488
121573 333729
574727 250304
249666 409807
755424 558827
302443 285487
175816 477953
255748 325137
865691 373252
676577 560669
147624 232855
216310 432106
377181 606687
516969 594545
986313 531035
698948 600814
158119 199685
177492 250423
459846 116410
702649 771878
792735 20911
704695 639775
192078 727191
723912 587600
994736 697556
73309 754913
388076 368640
681793 390705
396518 140273
896446 230489
955904 817703
561392 329206
822965 258683
313160 630592
43763 415570
247878 709892
645942 969002
135707 243658
416971 873749
824502 797368
328248 312543
161166 344504
730208 996343
549317 880222
14783 806371
105329 55068
827794 497248
269639 114204
172055 651043
850801 3092
629632 478362
10890 59124
94680 794436
808753 349657
474930 547999
196519 388893
19013 383084
509675 226318
899569 364507
328720 662421
636432 300745
596644 605349
881122 472799
735536 98269
517838 523264
395703 711372
13848 594934
171112 638917
109484 458693
88159 855835
356767 701586
29803 340167
619195 161253
656841 303275
285536 234836
598119 202355
972549 838110
501802 639573
784802 164815
18296 314292
442983 21813
327324 949177
887221 855651
270858 923352
976305 381837
158621 55919
159286 79201
591468 776171
101563 281302
758309 226772
966130 31475
615951 21308
623695 707755
426753 945737
272972 173223
479620 961590
94421 503001
58925 289205
472746 59947
952310 904828
790382 578630
912188 51823
370448 189658
234624 487789
571651 873474
616646 91818
737208 295280
729443 642665
695668 70980
248052 487730
607673 625565
105782 202881
745405 37412
820295 632569
577839 50417
574202 15359
44235 869552
27259 835087
955075 2009
137844 46812
966945 814285
497680 109328
757054 69656
11555 949616
584937 238402
982403 434048
411661 602360
590526 919454
525545 81377
496157 636461
926801 631649
915145 870253
702615 784667
652592 293652
863541 464594
603401 506532
566432 63871
138590 268979
30939 623526
842731 547768
534203 409239
292780 291430
954818 680862
595102 872585
688359 863344
285346 192597
563855 273760
409179 363202
435288 693144
142637 801479
25768 709857
825995 327354
644576 593245
853865 976389
627075 123240
672620 620839
884460 120876
109289 139957
985864 612819
525534 54144
526137 386882
978325 78411
878378 332415
249164 936973
582640 925851
605541 264605
352286 46738
893747 854283
802276 38195
801451 837146
768498 158052
677224 772934
110375 628514
923400 745073
958131 245961
439114 251796
771487 5906
905815 826818
862482 67782
833703 106852
859228 92273
704908 17342
248749 285548
410706 383732
352076 666426
960586 809989
75110 424245
163946 456744
821886 93627
58795 93825
617297 251754
598142 822208
572803 739327
944186 608033
625975 887385
300028 758363
372974 730175
21083 928751
930914 995120
744966 52442
394289 543662
877361 539291
711708 42523
7133 15673
374797 288152
664995 901735
379446 931538
864217 515926
316468 952424
203937 712792
19630 100587
511168 385263
286687 528507
712885 350817
581737 711955
283067 640376
343685 73668
579387 983447
852719 201331
518752 367053
307808 831997
360660 636036
328307 483519
821129 668404
690058 781268
200500 875916
188762 692329
512156 625616
434802 171919
756668 290483
368756 617453
489209 50858
371331 229333
297607 413973
629527 413513
680501 198154
836295 256038
956995 960935
284288 885363
33883 431894
641953 762087
360011 465947
361761 897535
124135 39398
195569 778302
713849 816897
348999 105696
705164 202439
284410 307272
195633 730226
326052 473517
803609 804691
854729 427712
29030 413899
224872 695838
628243 703713
280154 847079
197824 905704
213351 829106
57249 905015
150355 701551
901430 384991
68554 753207
850775 535283
137265 333075
944725 473307
271681 607259
704767 97953
466063 558663
564942 171690
430971 406097
962524 284092
102035 502359
327761 890562
865586 667906
326373 807020
979401 117431
610948 542561
321623 838400
398524 115160
519793 521034
157128 935404
718854 11910
76363 774734
373283 356016
124290 337990
901381 516614
41870 164081
453067 175094
43917 773004
965 619492
751331 812298
318157 925913
596827 789257
950798 166374
564236 52092
94105 379787
238675 251466
851449 675069
149721 136800
100559 34852
987182 212947
521375 596708
424447 58999
115364 272334
887044 986275
750940 452160
786677 517556
392688 885496
196133 582297
318195 59139
991116 167084
912722 428538
109539 416208
674765 781574
97234 346692
255112 482762
886265 448043
471556 233855
436698 543989
364720 407333
25841 997148
185920 768433
817593 372343
736446 906923
613865 616942
167866 221261
921399 586366
626489 110030
223649 611320
426696 774300
117733 404749
958042 425272
7123 974407
754554 91933
548112 343273
754985 806172
9017 384182
33879 564999
744747 331217
591301 244137
103271 122652
991437 554592
350177 273545
623700 870011
958969 946544
355370 179992
952726 114870
323468 332504
131831 349311
659436 957223
432063 347976
115478 544245
920046 894259
400973 841416
485982 193683
458163 477684
14048 966072
105384 285889
942884 841945
199621 34148
825802 240694
768727 958317
244794 73485
915403 161315
358929 887389
42428 201010
916819 445670
975594 807893
694658 410321
101243 610078
977727 654389
20155 134421
948468 477387
35547 756703
176411 414731
576141 197150
449133 155700
411403 110911
498624 743474
900476 607205
113453 860970
145506 531997
227732 83505
361760 465728
898333 678950
578236 966873
448791 860361
677118 629807
632201 889465
159332 3650
630699 878351
100918 531006
97471 155779
257298 829061
211764 357107
641643 160530
968134 971331
570023 652153
162189 153780
30757 705667
12088 621396
739703 650191
781005 776129
987498 830276
624811 107800
142910 24903
586667 165909
436688 887831
915198 548862
447486 669105
429099 868246
764647 56118
669702 31555
63623 3270
407847 36347
446345 239129
441662 682792
896446 270498
315118 546589
730428 827314
79203 744207
427646 956936
111088 76190
322667 545134
87931 98237
885567 182155
679979 354255
121480 764572
388075 115415
101244 484969
482682 459294
581588 328982
58659 28871
951607 180263
110615 736387
84189 145066
278360 384347
357556 643594
842648 383694
658510 970234
357096 51430
184516 379897
318023 789392
799004 323508
319282 407913
388008 76691
928786 502019
299565 73952
933399 441749
938801 485405
548466 72706
218130 383373
140874 604191
176763 774514
301427 247008
541912 107655
895611 987559
98827 535202
623004 893167
666901 472211
568724 122198
505063 658486
208703 708114
795338 677630
504387 105242
620859 353973
125265 640096
934260 99201
893585 637778
5201 912252
429870 608780
369362 574669
928892 323049
656685 878664
336027 772620
556683 936278
653201 151494
894093 942805
387381 213725
968118 576229
653930 915983
705271 780047
32629 188828
558001 922629
905596 909388
631696 892353
941274 227174
864522 816849
802565 6768
608820 128002
242238 781279
60871 185428
793660 809441
133574 753850
496490 167875
995899 784611
675871 127047
17454 7956
178897 112833
99656 808993
30627 874717
517461 260377
85483 272707
218204 688750
111476 944403
600262 302763
129933 939148
459502 566146
264089 968075
335819 315846
510208 877813
796537 89322
48025 294778
354622 13480
68313 756428
998393 610405
294562 293512
211806 744787
533800 141120
140681 386974
527056 336850
606538 538955
91191 397358
692238 573690
505468 851307
648140 76104
459608 8369
46216 177048
5015 325648
178656 929106
22229 284923
737398 727104
371505 923965
965829 947248
988980 167962
726880 192434
324290 930923
987897 864331
331857 253729
390517 507861
831487 712221
684983 838146
661809 153457
190383 890671
301689 255023
294124 845012
60258 448694
850925 954537
893488 646754
508221 559764
469583 421813
178156 649663
269857 852468
64085 316974
109757 274189
329499 33663
759675 900734
861116 162999
906017 392404
41089 613590
298005 289490
95289 12408
756316 106742
638473 26217
510724 647495
694470 961833
892725 585559
161299 798479
910414 823989
206378 945053
735330 752875
849187 954932
163494 426536
314542 284782
400644 508329
257883 896816
210411 863282
74702 530114
641242 835541
12420 145398
391846 710211
669729 252568
755302 176876
916473 42167
111038 958097
678783 30527
987022 209661
803136 582177
569923 410596
671267 14555
703144 374769
689100 386637
14488 364782
968966 484680
254956 55782
990527 598355
331419 420266
387531 385205
644134 133530
591723 412133
810675 973845
12292 412090
969490 184871
853619 437172
635331 345191
638807 22276
882377 24248
691304 606145
468830 421979
418245 556973
912791 224317
40800 737360
122104 929192
573330 217077
191774 577727
270916 445346
280108 650916
486366 983315
157502 58909
416345 799267
452521 893219
338537 73146
425249 844434
234143 751413
17668 930570
582855 63339
733545 955465
49855 5365
553512 498650
101386 549998
979194 792198
589537 376322
570375 278845
74050 424916
119643 455704
851245 591616
255516 984024
151543 329661
429502 414406
269300 847065
318999 215195
777072 479206
421957 321945
829790 586920
616499 50927
49 460927
720382 373293
384851 97915
693761 71546
722308 434550
281610 270894
294241 190491
378670 481377
996839 52463
159090 534622
994569 389860
343257 630974
248749 590992
861474 422951
828918 407856
458414 473077
465085 615371
53800 434507
298904 388413
476929 257473
87647 705860
691529 168074
474765 297037
278859 731404
631795 69265
687467 318984
610750 432693
621094 657432
203942 418033
995082 501679
636835 905099
326272 417085
758949 651845
221618 132294
879757 777240
267803 515375
351528 53533
39000 409555
219531 985297
557103 523300
221372 978485
512950 568302
557507 120023
119067 138000
168572 877942
886167 957661
84501 949315
448020 889617
501100 712842
506910 496149
521075 734083
908176 508303
423563 764839
950643 255758
189102 227018
917910 346954
390483 137423
939771 10170
497551 99444
711251 937286
826800 358740
375317 927171
706951 502736
973911 981957
862174 653993
101434 189433
284595 636959
229325 943911
635044 24269
839728 949138
783605 917841
418065 887634
511052 623059
681129 695079
73160 173835
242221 719517
442438 664704
424074 317310
726179 621173
762391 533723
868781 308286
402721 831941
296777 823952
395672 587947
235430 600193
916725 521731
971927 602101
382953 589023
329952 46774
244536 410186
91881 307908
99934 555211
439404 342153
414594 171694
844963 567997
752479 453282
548419 116078
968506 102579
550206 700559
744967 505660
928779 774449
498020 893781
276534 317012
264190 228634
45624 28292
952422 802798
873223 866341
79446 598066
233323 85294
622546 595168
235455 885307
805101 897964
540112 239990
416994 700312
561941 428684
603533 324543
555517 677908
103648 685755
483070 810680
979376 935778
34262 86242
828950 255189
51346 223365
420913 466520
57509 984434
954408 117127
576407 639691
644652 349776
553033 311783
192670 930693
84895 531716
298432 716612
308613 27829
591208 182153
40656 347394
324306 224703
619639 974615
646130 23799
707008 686008
502854 668249
599802 390361
771883 331676
131204 208364
404145 84490
616418 978047
790397 838336
870313 287667
235279 42795
489999 151555
438408 717714
421088 49917
262218 49920
910938 520611
109344 245347
586154 649101
417909 608469
170556 431742
251211 414790
476135 19991
926256 509468
413950 107619
511937 557773
894796 682260
92016 462459
618149 312436
798823 3441
604530 952942
98756 682053
592465 14627
719514 287766
71954 977038
773709 146028
421076 16508
263411 725051
716013 80581
753922 952080
157491 100067
565107 58870
873569 790184
305061 436184
540245 900217
181147 236298
766792 980393
689741 514480
190652 835653
194324 904464
22867 107491
296796 663616
805075 892685
676746 181741
310457 757821
783014 367507
371710 829961
467108 830766
463512 518150
761298 863323
658400 272772
803885 347876
487808 632751
398656 253952
611733 830002
847538 167178
819799 911706
502402 141736
196301 75637
926913 728104
809272 251356
811496 171625
348747 589190
631382 531827
888539 694800
49986 538420
459150 488598
318241 850859
618841 735782
323107 726877
352944 339494
433504 950053
92387 221466
888802 594050
332520 589164
959821 465675
965893 614224
193037 384217
288427 477423
412536 274430
30455 585877
81154 799297
56189 366718
859080 491087
832118 164863
580941 60040
685785 145221
751693 664061
365837 74804
877539 622271
996765 924906
180463 515324
422064 35180
342585 556557
763766 455784
354032 651375
646826 21154
548981 354765
778080 106890
43638 31822
929313 862488
922113 559298
451512 677261
513380 980654
585691 555821
750458 550666
10713 774332
853108 424270
428193 608403
492626 954120
354333 184773
278499 847620
335324 902633
454205 207034
854888 477543
48128 188172
1321 325045
166458 571011
847455 754525
600061 635006
127563 888265
295153 391646
63401 32734
288815 793420
236825 24188
609583 822075
423642 936189
930758 850254
243335 891275
876492 243780
905880 105876
169538 669730
678432 947904
619728 214726
126287 369541
176919 649957
724095 873561
988598 734060
32484 280356
10531 975552
697381 142561
467749 707770
175374 665441
585081 318308
662499 508550
999200 332683
81326 598349
783294 17486
415160 875506
786762 320812
350991 973125
982719 587499
543672 829479
507270 496079
160217 428710
150350 578006
499227 503856
351975 381184
783438 330005
364364 669952
202891 862625
664149 150160
844619 231823
565184 526755
230915 22894
939415 182876
811418 295723
231540 809137
388152 595029
623876 381337
256246 564314
966310 639072
163047 16569
266911 850526
109742 154066
459852 18213
423490 616042
924086 677100
118903 326944
151670 856965
864693 895309
548884 694479
31603 572645
895346 327017
441044 321589
563249 954669
746480 361753
884793 882552
882751 409498
260761 176644
324858 881360
685571 729382
815972 871279
302625 927184
57089 445016
838880 730003
391188 200417
334412 797486
122412 277327
551178 95351
555752 813271
33768 328677
460423 443010
843629 180384
200433 192627
143059 832636
753389 633085
505436 753906
473552 413301
802981 425864
481787 988261
524619 657338
860135 416207
117037 954552
41164 812859
867246 403376
535720 222656
475964 874658
107450 850171
908266 26572
774838 697902
435636 844015
45502 626504
156378 977336
405237 496027
790822 285578
970384 527429
115786 656994
15928 234411
948814 82175
479892 424625
56201 479944
953719 511310
869205 3429
366396 870145
105110 811053
660441 470297
607736 86303
468365 204652
625324 811740
652348 342098
332607 57123
352512 663028
924763 113
59319 98520
626582 386191
610038 81060
879167 33357
650509 544164
12988 200683
114153 725256
540777 886847
289968 249222
659204 861171
848103 876842
136570 91766
910353 936635
522266 323884
50946 63850
745201 948454
788472 45289
50506 517531
259311 249282
667692 849017
319362 178117
737441 837883
811237 7106
342622 691289
546671 985213
382728 207636
467437 81919
505123 302481
498716 762542
67425 653236
781361 393604
637539 690079
313795 537177
667540 378551
323370 780973
649242 530699
134056 657921
550558 117794
151438 884491
455776 247129
992713 724524
763407 358682
418919 917468
779528 161303
835488 494347
882665 990982
88708 898208
259605 745686
567656 103599
594112 619563
910284 555662
179587 242767
480430 252777
333374 760486
876805 422104
516261 5662
990187 249340
521162 637971
465308 762298
916033 414280
775734 338710
863281 170599
350439 75189
282781 807981
627353 86766
921356 753990
93837 484567
249417 152755
906213 314550
141681 887122
535984 854996
735991 156459
146507 756408
302732 199708
728183 88965
95388 614183
821912 761532
163050 689868
720764 990464
635277 758252
890534 892498
117704 181534
807284 333603
572333 390777
24554 3613
909791 455841
735809 210182
413669 410669
318502 466384
919899 175460
143896 675325
547131 630262
844035 523241
230534 41317
684397 809961
376594 572917
891827 791476
257923 874806
599407 663518
826992 448192
354858 250946
255451 644546
520624 715325
371167 720432
735064 792057
483882 76805
225802 937015
659046 907837
450236 523675
77272 89697
561093 819561
526637 827820
610086 693405
880323 253645
625739 579550
740615 113115
194612 129066
75722 251897
452187 213418
812226 478561
299273 839773
248975 427072
265334 396574
676607 176551
466265 670053
734093 247534
190973 296371
229386 685660
291076 230634
898750 717950
234607 252179
770552 430621
154013 971056
341797 32102
661719 317270
733312 18238
423008 187172
456670 912595
53897 725910
482174 983526
648950 133571
999243 838697
365402 60357
73975 462610
78659 992929
675549 133110
970844 605295
689335 92124
844627 357820
58055 705821
214210 345148
978427 270523
228086 74543
68872 84148
674193 518281
984114 803730
868199 59524
824888 122786
727542 958283
348387 543722
446179 806851
331467 754947
598468 407055
707285 430935
235295 477605
701474 381913
556186 908940
462085 100948
432715 951358
699643 431270
557365 925037
518316 800376
987262 384272
587222 760692
46299 301312
740423 677549
990691 391908
654406 929402
214569 843776
785136 497400
255217 141347
318340 965845
701908 922559
609799 619184
459071 886300
636398 554865
218370 420519
714442 348299
428712 383135
72697 579432
897769 44985
554590 72706
622008 544284
529266 644971
989898 770033
832804 862435
78583 472029
168752 510807
420268 448452
338159 980331
887839 603847
101930 788579
476795 673915
116391 29644
841312 874081
638636 162919
707198 887328
580427 433346
186134 578014
3333 417032
464835 63243
650218 773018
228155 677392
319472 213454
420146 402390
833364 732117
362416 613948
418538 554752
373643 662008
300692 282640
495685 793409
366802 83661
514407 12037
515312 183960
130185 630740
61934 580304
547233 244025
361881 892123
417097 532121
511847 765596
343317 733651
121887 965774
97031 85425
32463 623828
301209 283129
857907 306101
114896 660272
670666 708778
502034 719548
598082 813673
129855 417998
307797 894832
908143 296055
887924 728903
585284 741397
171631 329513
968733 982585
619370 965199
442439 915198
36114 377432
459862 539251
103051 837742
719256 123322
34274 939758
613854 912091
865568 904916
809881 462545
69186 621725
955922 178733
908927 402738
199123 860865
186912 995189
557351 602817
963679 824489
181237 450245
25071 437638
525516 704635
442852 37817
844344 399883
297957 257414
149136 33529
96479 385597
545540 604819
608211 767059
704360 118015
704939 754449
41161 104576
820026 546499
919509 424247
908230 811224
844862 817931
867856 492026
912792 638038
687300 60606
23983 545351
94728 411625
994821 545159
97777 924791
764242 589527
301651 124694
768977 207560
230942 322613
139478 921631
525975 22643
557941 453967
700207 907215
721614 584319
256695 510278
293939 460837
381379 198329
862533 667171
352793 819105
684411 682019
687942 807761
177858 774363
793581 484223
401575 508921
559489 613300
845189 164087
392964 342783
900253 142374
991970 157063
46473 987200
573139 923356
813805 432851
48578 519656
499222 225697
17011 870320
188392 230977
860731 938745
217286 177769
264613 190944
610751 653966
758493 655601
828199 173667
85955 594911
759129 372820
784471 873099
150686 561086
156557 646596
25680 65099
585213 283072
574371 719096
828446 693681
386377 973500
75613 537993
394863 620430
474494 596026
985514 226900
176300 97775
784765 214439
257107 360015
189513 434934
298938 729959
260417 848106
147060 221959
16031 623261
991349 520112
279353 678673
826975 120887
710555 113848
910866 194306
960845 528399
776339 514730
802082 828061
521805 781547
53801 655225
799963 699795
15569 395414
106878 815843
654098 759743
292434 548346
793309 778566
537560 477060
935433 935747
16204 854732
391858 310642
578779 908620
434971 206218
721213 206215
411978 772234
911575 902090
813191 313128
485756 651034
593482 550830
694946 347710
607089 906273
514465 175760
291792 74003
899853 105128
844540 402123
290644 664773
825703 692689
459975 894312
306080 162753
219916 944836
771787 591346
863111 759848
887925 224645
293239 220035
36529 548620
69990 397110
728567 48435
401703 116565
450232 231751
977638 535542
244255 122933
998419 463781
133353 109423
810424 7941
617974 930081
500887 338045
588776 621705
122646 272978
377570 654118
950410 37387
862077 991825
233357 407790
190995 521520
746404 703892
304025 362411
462128 895405
451884 522833
276396 448817
338282 404125
25639 823736
491931 895223
940574 21256
709864 225157
110240 626531
716057 383273
635814 567729
287294 793333
126054 837690
449246 226983
911870 826325
392668 400989
294059 574247
288038 219550
175593 551747
24848 600310
966086 799867
890132 612571
566207 652966
969065 561704
373157 139810
843671 625850
174540 774610
562882 314479
547688 37908
616611 875930
678730 723116
595885 75044
819831 684207
561190 563579
498945 760049
875779 387275
232594 573802
911520 801883
643110 913508
833235 927110
613636 923984
59402 271140
30581 892072
575967 150023
328820 487971
349048 161975
776239 72908
408964 541158
959259 677039
618576 725552
879871 994813
876261 853669
563509 408066
707925 889028
82038 438359
953455 143186
20237 494578
996343 239690
194183 413392
231225 698604
933437 402904
675445 581888
735832 244339
98261 287057
159887 319907
891841 509256
3483 136222
417194 434317
300124 714926
797591 801461
973598 996357
187329 518733
696476 709900
977891 990169
116489 166953
723875 734994
379867 669601
809876 596088
880058 611080
478961 82487
255708 982163
606189 937850
645231 977801
726753 920863
193009 640897
762416 128597
869492 430114
142554 143765
292802 323654
889041 281305
643603 790086
228435 224790
916095 889950
865872 920063
91142 770422
768036 791811
59512 902713
935560 720892
566895 626473
954997 169262
794696 568628
70824 195251
747208 369117
219531 10559
623914 572107
118405 767536
513365 283262
269232 458200
141763 212050
981313 485306
383854 293272
8944 726747
42683 961041
319130 307487
667555 541764
122197 810886
594461 248106
81440 435725
793724 9773
267303 977515
737527 589817
975700 773693
255345 537391
38850 942332
973550 661973
966453 812280
36566 971708
789077 70856
946985 164544
79963 958921
326918 918235
557900 338782
866052 347072
181897 362575
202886 481692
733171 962136
909707 145213
337995 968621
710214 539619
909935 913162
624525 302982
947210 26437
989615 626881
847293 453321
660402 893611
647116 743365
806361 784047
415936 195915
752847 705288
564497 431181
296173 698921
86045 347447
929343 880063
764854 663711
348361 472952
158313 827456
518193 29416
742261 645490
554136 659293
573540 47335
330813 284040
95455 863492
522347 216333
979985 514659
772527 539071
155093 445815
755616 567255
710771 832192
217452 232338
541980 356848
148088 457589
564037 760660
630227 923340
380055 118907
332200 997656
112524 951400
558213 582571
702989 556351
545228 510554
699972 42462
791493 564317
778968 66503
53303 564087
998669 333285
688138 100132
586542 235467
896833 895577
908380 5252
717894 69250
913676 33241
855734 411227
315762 576368
350206 3952
482638 300190
361719 634270
932472 29131
394016 770227
363296 732667
418627 163056
393372 439911
901493 724318
127097 91145
628194 351731
48651 400601
47943 85849
580509 234462
556216 227022
444292 931241
631444 194888
260757 679748
454057 260494
53577 332579
932218 107179
935407 607662
155516 280825
652126 833440
882707 631821
656634 176056
581384 937188
847432 214524
77992 446127
656664 254182
302226 758756
347230 746744
455177 880190
74320 82843
614392 443810
675882 899224
961859 571709
6989 764010
791598 108624
127852 492066
352598 881934
896360 365074
46531 875170
508689 118546
880244 326293
116170 845447
455111 579564
354622 361370
766599 596656
877372 386633
658332 969450
636794 117854
984288 64118
944681 471720
731905 200197
965189 31107
553107 330972
803227 749441
233797 926998
283551 915234
702262 208126
407776 104216
793353 720016
922412 301957
3985 727588
356075 122626
105409 867798
368025 64281
809270 853319
327398 572817
436554 839319
253854 87468
262871 996822
532320 58702
21188 233940
894414 704717
961984 435469
938931 838539
273924 101208
373443 510382
229411 208466
622117 353687
444689 939399
769434 262268
301965 837687
990892 665936
753292 356970
429631 933666
793958 160017
865618 471107
242615 408570
149509 585470
122108 536320
903591 846521
533151 563351
188653 141090
415627 32384
586410 66687
496701 710379
555046 705836
78970 569486
191374 271915
405721 195155
991862 366736
264773 575104
30582 138551
89135 224379
567345 679739
415752 377367
714765 319749
528765 166700
128003 411937
745281 751635
222437 480745
563682 981561
322912 272625
917791 391506
172105 159520
353050 978756
565034 981174
584133 989888
584197 999494
235232 734220
521232 975519
110265 126901
158725 246888
484466 736295
844201 73806
709866 339126
910879 239829
612971 323946
642672 844229
532738 359985
693987 266809
176179 568592
518543 306316
488847 879880
831384 25522
881740 270729
670655 818001
379975 278032
283132 856131
286644 210371
679033 603692
420799 264653
571405 622536
194996 994370
682696 684086
904491 181782
221454 92987
899156 98193
430486 309766
301947 887501
426860 934227
328456 662485
399232 64826
367539 869640
188598 973042
11824 749451
188732 360298
720758 140406
191064 637840
270916 100616
980185 399377
332749 836608
572571 193588
336868 500313
454602 365560
266275 357728
412136 262652
10244 461944
247987 628578
606427 4922
333138 168200
242959 584635
103000 641791
697683 913791
140136 794826
887230 979135
671668 719548
538383 880644
743785 177201
646749 9380
312263 527282
134048 257544
914842 795495
665641 55967
270357 205736
895014 897623
663129 151952
665797 489754
347468 736153
257008 192065
197554 791085
816645 350675
927467 551041
829309 663245
179349 213747
835052 92815
394478 970498
384552 128740
69281 797013
775783 222380
723287 475505
532576 349207
174537 873952
787630 979368
154976 634927
419111 555650
596726 651439
580165 510189
261183 128147
460230 760452
466740 420343
700494 468208
4356 919803
217088 332215
505811 76026
911962 811114
932176 702845
45405 132659
161355 66896
213284 843406
396187 111127
433700 452134
538212 18126
728058 553775
227881 290527
484099 178326
287675 285278
881229 875960
870974 273615
919073 237022
473365 540330
351345 426512
266846 906916
913872 362087
807861 808378
739218 323584
103100 113628
553099 60985
187929 347450
400749 940922
632453 982425
737575 434720
620987 893232
928408 637493
21780 998866
826403 959262
440579 697740
244326 607648
16460 883094
860520 801365
547680 419438
746816 819007
153273 678482
760693 526421
612830 745481
905555 334436
709695 670978
325077 225996
763097 204012
430442 807804
463001 944127
81781 858070
192230 650693
765572 415592
728752 287083
988159 506074
444166 360452
422636 9731
691654 765848
295766 825290
234123 224906
523708 778563
337547 820047
970295 260979
667783 697398
99431 516042
797108 934076
104559 547823
559931 799613
766626 456222
845609 932967
911146 881954
699391 272373
52848 216246
189472 774187
247921 870269
715632 717608
721899 460598
736622 896724
771833 490014
611538 65565
705626 103269
652079 102069
511313 241386
336138 464855
465217 69183
202745 586173
937290 491736
742203 309891
478374 176963
991725 434480
171266 751704
778941 793964
903178 127198
487879 250805
977652 535395
129990 950086
9273 655039
457953 725459
544183 508307
356538 659048
73436 171680
429793 833862
449674 119543
740141 92076
539415 109487
812722 556622
395083 888788
726086 969706
980747 239713
521481 758785
740621 971750
578443 285587
168115 671548
943904 525032
897543 367822
390079 434300
270507 696204
278990 592513
49447 809341
59566 711335
721038 947332
647819 427056
347460 749154
554583 200500
920792 219174
959926 169035
927604 974306
46512 323971
46318 14776
38329 682334
382494 727233
908487 692853
871540 145125
81934 488158
499231 603183
171782 284143
150342 867860
238546 417721
317752 362612
422486 621411
624028 316511
869390 112546
805744 472522
878301 792958
899270 1558
96613 83415
636439 772352
653593 70940
921497 534051
610015 523331
727322 923506
60422 813557
66369 72974
139077 380706
333053 428817
414222 73442
496833 846550
865495 306819
199346 609273
864134 250891
263254 378722
517976 618168
103796 308967
23335 504031
472634 934191
828508 470058
659933 457373
595466 472385
167423 75121
604278 71319
289717 101634
573552 825535
992450 975490
877218 158734
62543 362295
753953 244716
382989 625550
208989 55565
405807 247114
743228 584485
701382 21260
969132 211979
955454 658432
139767 243221
563384 438454
583495 411883
879543 644512
209699 248167
321305 528286
861671 996943
7816 425508
165273 177715
154566 499903
153276 367441
102597 823130
383823 854186
80061 121285
46165 747870
625106 342687
870780 147571
58423 790379
240032 395456
986642 794024
626826 375244
404425 685644
642383 367386
333073 694796
819315 325397
37809 409490
324659 522937
539467 903834
795989 644619
930341 602470
426009 853396
751549 16560
717884 250809
649737 794965
328970 548402
284777 594089
79828 34298
403995 197382
39998 597667
399552 256912
203822 547270
433065 691001
278366 552933
17018 617162
326626 467327
81813 53068
220258 867873
36003 526485
521621 685577
733657 573340
518453 160022
900512 910111
213103 736658
189279 295812
838457 463963
532833 428884
109739 367883
985842 786940
900580 834390
728603 437856
536659 569736
395717 218437
3102 10144
729779 696962
40737 963070
356258 565009
224359 509602
535424 956228
369764 826892
746793 501266
246450 724338
600997 886274
999230 847543
166165 717212
659149 37971
443505 418354
402733 245257
868715 454494
105359 893653
242836 646031
541469 185674
638514 987220
48777 145375
987155 389052
955928 989951
10737 619908
913536 766840
947919 635347
514709 782574
897773 973945
702592 260107
429186 867785
137236 499707
162910 976827
386121 626342
855543 676831
917576 794662
59423 175179
704773 364399
609648 692895
580349 686843
443796 240369
840057 991189
285832 397474
467347 562188
137226 1014
678950 779650
684553 170503
