20 500
31  44  65  47  65  0   83  50  68  56  87  35  58  35  22  13  52  50  48  42 
87  46  68  40  25  100 9   38  26  1   52  32  49  4   68  99  90  57  91  56 
65  45  76  46  86  84  84  92  75  91  27  52  59  88  67  26  35  68  22  25 
90  19  88  90  25  42  91  98  90  9   98  28  97  48  77  29  59  69  21  28 
12  80  80  67  50  84  71  52  43  17  76  57  61  53  20  99  81  53  99  54 
86  44  98  92  47  27  4   44  40  20  59  87  22  16  84  46  5   78  51  34 
69  51  61  41  56  39  88  73  63  90  9   100 81  0   66  92  60  12  96  88 
29  98  95  93  71  81  57  34  43  69  99  0   29  35  27  84  32  100 36  88 
30  44  41  62  35  39  33  12  3   84  89  5   92  36  78  8   59  80  81  31 
57  11  81  16  36  39  97  96  43  48  13  58  16  59  30  44  7   35  21  47 
7   73  100 46  69  44  3   81  28  5   63  62  30  54  34  94  20  88  87  98 
78  37  13  93  66  34  31  1   41  22  31  90  8   60  64  68  25  71  37  95 
16  88  99  50  86  94  54  52  99  11  22  1   77  78  84  67  39  86  95  39 
68  94  54  90  38  52  40  37  98  62  3   35  22  21  12  49  100 21  81  9  
61  50  54  92  17  48  53  47  49  32  89  27  68  58  15  2   37  91  12  90 
38  19  78  55  30  53  89  25  96  2   68  89  18  13  18  54  58  40  32  76 
35  29  53  5   93  61  45  20  10  67  77  51  79  32  5   58  95  2   74  64 
38  82  56  20  55  90  52  64  100 15  40  25  87  58  79  82  78  85  7   100
8   53  22  4   17  54  38  36  18  55  97  93  16  90  21  96  41  59  27  7  
34  66  25  40  9   3   91  4   94  42  4   74  64  4   84  89  63  66  49  63 
19  82  9   75  98  6   81  46  0   44  90  89  16  9   61  93  46  12  92  13 
89  96  84  68  80  56  84  55  67  34  64  58  34  0   12  38  73  80  0   74 
90  37  16  81  51  78  11  73  94  25  16  49  55  19  91  78  63  88  41  43 
48  42  34  58  75  3   0   84  96  47  75  44  27  56  75  11  42  68  15  3  
87  9   34  3   64  44  62  90  56  40  26  96  55  23  67  27  31  89  83  45 
50  29  86  52  100 65  97  83  86  34  92  70  69  99  17  17  55  23  10  74 
5   11  38  36  28  44  74  50  37  40  78  27  9   60  2   94  85  67  49  90 
35  69  80  57  52  80  70  36  86  37  79  40  55  41  2   68  95  12  18  41 
88  28  16  10  97  9   100 26  27  39  3   78  5   86  41  48  87  11  91  52 
33  50  96  79  70  39  89  59  63  35  61  74  31  99  20  31  28  69  83  37 
76  2   31  71  26  45  36  32  98  7   96  22  55  3   25  8   0   89  80  44 
86  66  100 38  26  63  55  9   0   52  80  100 77  14  20  59  8   13  96  42 
70  72  6   44  30  30  84  87  44  37  91  86  68  34  61  95  74  14  15  56 
77  21  9   0   50  3   32  41  58  37  87  21  61  76  73  89  85  87  19  23 
54  64  20  78  85  71  86  39  38  64  83  95  59  28  81  27  68  72  17  28 
56  75  59  67  45  83  35  7   46  55  85  85  3   89  15  46  24  98  75  78 
60  6   86  32  16  79  33  89  41  53  45  47  34  31  43  22  78  68  7   47 
7   52  3   29  15  83  14  69  19  66  45  27  76  10  8   77  9   28  18  92 
38  93  0   9   44  60  71  40  67  12  29  100 56  25  47  18  35  92  66  67 
30  67  99  32  33  69  99  2   84  93  100 11  23  80  5   68  78  80  39  44 
48  96  13  84  42  17  40  52  98  4   87  29  76  21  18  76  9   30  72  9  
49  25  25  50  5   16  15  33  28  33  22  22  10  70  3   4   86  93  25  60 
18  28  61  11  33  65  41  4   46  51  92  0   30  3   78  78  53  58  68  55 
78  81  85  92  46  28  58  86  72  75  40  61  99  37  91  70  63  72  37  93 
45  13  79  47  22  52  69  38  52  52  9   4   60  26  26  60  28  33  15  51 
89  73  100 96  79  72  52  63  50  97  75  31  32  31  89  60  98  93  24  70 
63  47  30  32  86  75  49  28  82  95  51  52  94  82  46  48  18  21  89  84 
31  89  90  84  15  59  14  62  8   7   87  28  19  15  19  61  99  10  81  13 
4   66  35  14  76  64  72  18  61  60  12  86  24  97  81  66  21  34  74  27 
37  27  26  53  26  96  4   22  17  36  11  68  79  49  92  90  14  28  64  53 
15  44  0   78  72  15  82  19  94  77  81  99  23  95  95  98  71  36  31  98 
89  5   1   20  21  51  25  71  89  13  2   45  30  90  76  72  90  48  2   57 
58  1   82  31  53  17  79  51  0   42  35  79  64  92  91  5   53  63  97  23 
4   0   91  67  30  31  22  38  76  42  82  84  27  49  54  96  81  4   83  83 
92  39  74  78  20  15  98  45  5   33  56  32  44  82  53  62  29  69  16  55 
90  70  8   94  16  82  14  12  9   96  35  50  77  72  12  52  76  38  84  3  
80  71  62  79  74  10  25  19  2   81  36  9   57  37  8   89  99  32  27  69 
80  96  23  22  85  12  99  73  58  29  89  2   97  80  18  19  3   82  73  3  
21  71  48  27  67  60  13  33  97  82  68  58  30  26  15  65  24  87  41  95 
54  0   1   61  45  58  66  7   54  85  90  49  32  44  2   58  27  62  0   100
78  55  44  20  21  80  17  50  78  95  50  46  76  11  87  89  16  44  69  91 
70  98  64  61  26  65  29  45  17  95  49  89  93  84  8   67  79  43  84  18 
55  50  2   92  56  71  37  0   27  84  88  14  7   40  81  39  42  3   74  10 
91  38  67  60  72  87  45  64  52  98  16  25  27  81  26  33  24  44  26  21 
82  29  46  86  28  85  32  54  6   88  26  38  96  38  16  7   83  7   14  95 
78  72  50  91  43  90  0   67  12  45  92  64  70  94  46  36  5   76  8   61 
93  10  0   65  5   91  35  90  8   37  89  100 64  100 21  16  48  84  27  36 
58  9   28  87  98  55  18  11  30  34  50  80  98  15  97  88  20  97  8   18 
84  40  24  37  57  32  45  17  11  52  91  24  94  85  34  39  60  54  80  5  
13  73  63  43  2   87  19  1   42  57  3   81  45  44  85  88  21  51  12  74 
95  100 75  52  84  62  90  67  33  22  46  76  95  72  9   40  85  38  83  41 
33  4   61  59  37  100 15  42  55  19  51  97  27  3   3   87  6   28  68  12 
25  79  2   10  55  31  22  49  98  75  18  14  95  68  42  78  20  57  51  81 
54  42  7   29  84  75  68  51  19  12  58  62  23  87  59  60  75  3   66  9  
67  66  24  8   67  33  44  68  73  72  0   92  40  33  37  52  30  30  75  73 
85  100 56  56  16  15  4   37  15  32  3   5   50  74  5   59  65  67  37  8  
89  26  10  3   34  71  14  92  66  3   65  96  39  70  7   68  51  51  24  16 
9   25  67  49  22  54  17  87  29  65  70  80  75  65  57  23  53  89  4   74 
47  16  28  27  61  36  95  73  79  77  64  22  22  10  99  47  95  60  5   12 
52  92  52  81  8   55  82  91  13  4   14  39  64  5   5   68  26  13  94  67 
22  67  24  15  65  78  3   81  0   54  68  24  2   47  12  1   54  93  56  56 
39  83  78  41  75  50  1   96  59  26  71  73  88  99  67  86  20  27  99  0  
34  79  94  88  76  76  49  84  70  34  11  30  14  30  73  53  60  55  58  15 
68  100 95  2   49  84  69  65  51  92  9   50  85  28  37  24  92  51  72  67 
52  97  52  16  16  55  39  16  84  87  96  3   17  59  96  52  60  50  78  35 
17  54  79  66  87  2   21  42  14  19  41  50  35  70  100 36  1   90  48  12 
73  56  14  26  72  71  40  83  89  78  91  71  43  59  67  92  12  52  9   12 
16  45  39  75  22  97  5   48  81  5   85  79  78  98  21  49  91  94  27  50 
91  19  39  18  71  38  77  21  42  71  98  80  74  14  18  96  18  96  73  60 
99  100 16  88  82  38  73  25  35  9   22  63  17  68  88  69  96  68  0   54 
38  75  69  19  34  88  24  94  1   24  74  100 43  36  27  33  11  34  62  23 
38  5   48  20  26  56  77  37  67  29  1   39  91  27  84  7   71  9   68  73 
33  6   92  31  54  98  76  69  92  75  64  39  60  28  66  0   80  30  53  29 
15  27  99  57  57  4   43  83  32  34  65  32  84  54  30  8   37  45  75  9  
46  49  10  77  14  68  44  100 67  52  84  25  6   1   5   76  7   33  15  48 
14  88  17  36  28  77  19  10  80  54  93  57  45  3   6   95  89  2   36  86 
69  28  4   70  30  91  18  26  12  35  50  66  75  73  93  56  5   32  27  14 
67  84  51  91  75  55  70  66  55  0   67  0   64  3   85  74  34  57  38  65 
45  66  5   23  70  72  67  4   28  89  75  79  95  87  82  14  94  94  66  62 
94  84  11  42  94  49  90  9   84  3   8   79  49  6   42  6   72  24  23  88 
66  73  95  28  81  27  61  44  78  88  84  19  90  71  0   96  43  24  39  14 
51  32  50  71  23  28  32  83  15  38  49  6   52  67  75  18  16  39  0   95 
94  26  19  99  7   92  79  44  66  56  63  63  86  11  51  96  15  28  24  21 
36  96  30  14  0   42  16  68  27  27  81  73  92  91  90  32  25  89  29  79 
60  8   8   94  87  55  63  11  50  62  90  22  19  47  100 38  8   37  47  30 
8   40  45  36  38  70  98  21  93  56  16  8   4   84  29  80  27  38  28  15 
42  97  37  58  30  84  7   49  0   7   35  31  48  37  83  68  95  95  72  79 
46  4   71  42  23  79  62  10  91  86  23  32  77  22  33  73  86  82  89  78 
78  69  36  44  31  31  94  93  36  36  27  68  73  14  96  10  25  0   34  20 
86  50  99  79  21  68  11  12  50  81  19  4   11  92  58  14  60  78  22  60 
33  75  25  1   26  30  33  99  14  68  46  48  55  52  83  78  42  82  35  31 
49  20  99  27  3   18  53  100 7   16  64  11  76  83  49  4   68  39  85  34 
46  45  62  94  16  68  79  48  78  0   43  56  40  82  90  99  83  67  5   46 
51  87  25  63  87  41  22  58  99  25  36  41  32  27  20  28  24  19  19  55 
5   65  26  80  32  4   92  17  17  1   91  43  81  93  82  45  94  69  10  22 
22  89  51  14  56  99  78  16  41  95  2   89  64  73  60  9   89  87  20  53 
54  75  52  2   39  40  82  49  13  49  10  4   67  98  63  92  7   25  50  38 
15  15  74  92  92  5   66  86  79  75  24  93  38  74  92  92  2   81  60  48 
39  71  21  52  82  53  50  71  11  12  8   46  84  99  31  33  67  9   97  40 
44  65  89  40  40  61  77  47  24  44  66  78  43  61  66  61  92  87  32  97 
96  13  27  25  12  57  69  48  46  44  42  70  49  43  21  1   97  99  60  81 
60  0   41  59  99  83  59  88  61  47  22  37  46  31  18  75  15  45  40  58 
37  86  65  17  24  55  17  15  66  47  77  99  24  72  63  40  99  20  12  81 
58  72  78  47  69  9   97  60  62  93  3   79  31  49  14  59  60  1   91  69 
73  83  9   40  48  29  89  26  58  24  83  100 15  50  90  5   93  39  29  48 
22  79  78  92  0   42  25  0   15  11  13  36  54  3   30  0   82  45  61  5  
96  19  82  14  92  73  0   71  46  22  68  31  100 95  31  70  93  37  54  38 
38  70  55  88  33  75  62  25  49  7   39  33  63  52  80  26  21  60  87  74 
8   24  71  65  25  99  18  2   26  39  64  46  25  36  3   24  8   64  44  5  
62  77  26  20  72  62  1   17  10  39  72  52  11  73  72  6   17  63  44  45 
68  90  88  89  79  26  7   51  46  42  20  36  46  18  21  71  79  93  84  66 
85  6   75  7   95  94  67  39  5   29  54  25  67  88  78  92  56  30  73  46 
10  75  12  33  3   71  73  72  83  39  23  53  96  54  98  42  88  66  58  93 
20  65  6   18  92  15  93  77  47  80  40  82  23  15  69  21  72  51  6   19 
6   55  34  76  72  11  75  51  36  87  85  77  18  2   80  62  55  39  83  89 
6   78  38  16  2   51  76  38  30  13  7   60  35  80  81  19  71  83  77  22 
50  87  35  58  66  84  19  59  31  27  64  19  71  16  1   66  97  51  3   8  
63  21  65  29  38  76  81  14  15  93  63  36  92  38  99  91  97  17  9   22 
51  67  52  81  92  76  25  10  68  39  56  77  67  93  78  90  40  79  5   86 
86  97  14  5   37  23  41  54  57  13  39  43  49  20  14  82  21  73  73  17 
99  33  95  65  51  71  49  62  79  75  33  82  28  89  49  63  31  41  93  51 
8   73  43  91  28  36  51  46  31  44  17  80  3   8   56  7   4   89  42  78 
64  85  18  40  23  65  14  38  38  26  98  65  12  35  1   68  6   61  87  0  
66  80  79  16  79  97  4   4   73  46  19  38  71  66  50  74  67  12  58  97 
78  54  65  70  73  15  62  76  67  62  30  50  12  12  18  25  80  6   51  87 
19  86  89  54  32  88  73  61  85  72  94  100 88  13  0   27  7   63  3   7  
17  82  26  0   67  69  89  33  8   31  22  4   89  73  96  61  81  45  9   86 
21  7   86  40  35  91  17  11  27  29  75  94  79  53  53  13  76  35  53  80 
8   12  87  24  19  70  28  46  16  54  30  93  21  74  43  40  9   42  40  60 
59  50  80  53  70  35  21  86  48  81  22  47  5   15  40  98  42  70  43  39 
48  4   86  75  29  58  98  90  67  68  11  94  6   46  53  13  97  19  63  66 
6   73  67  91  42  22  59  19  58  53  49  55  9   32  80  22  15  50  31  23 
95  72  15  65  36  59  8   84  41  82  98  61  87  67  31  36  72  6   56  23 
97  97  50  15  1   37  69  93  91  64  15  22  63  18  15  13  75  39  50  10 
80  89  5   67  26  80  65  75  20  56  87  46  10  44  7   12  1   78  69  24 
23  7   88  25  74  91  36  100 32  95  79  19  49  43  95  57  35  35  50  36 
74  46  56  32  61  10  9   68  35  81  98  61  59  14  61  0   70  54  41  74 
65  92  100 54  10  31  57  69  74  93  18  85  38  23  32  62  3   51  38  70 
52  74  58  7   74  87  92  3   70  67  9   77  89  55  77  42  47  41  82  72 
53  25  53  93  55  0   18  5   18  9   54  99  45  6   42  26  19  76  0   3  
25  54  58  27  28  88  15  92  51  42  72  68  45  32  86  48  54  38  5   69 
65  70  100 77  58  57  84  53  26  70  78  59  60  95  50  47  15  12  90  96 
96  96  91  92  9   20  21  30  57  91  94  53  10  68  49  64  51  23  35  97 
3   97  5   0   2   93  79  42  53  15  96  22  26  97  69  69  54  11  93  14 
73  29  26  39  91  32  69  38  72  70  29  24  19  41  0   20  99  64  96  1  
2   24  26  42  93  1   4   91  96  74  10  83  27  4   2   86  68  41  54  24 
90  20  3   72  82  17  20  80  34  73  31  42  15  41  80  53  71  77  87  92 
19  100 77  59  18  70  4   80  13  69  33  36  100 33  88  37  32  94  54  21 
63  22  23  91  73  15  62  28  42  55  32  71  3   45  77  97  100 100 7   54 
69  59  84  75  99  3   30  90  92  17  67  59  85  32  35  96  52  35  47  47 
78  53  90  56  69  1   17  69  2   6   98  1   23  31  37  87  25  56  86  86 
45  8   65  92  53  69  31  70  98  92  94  95  1   59  77  80  76  86  23  48 
38  1   18  44  84  20  17  41  71  73  71  31  49  74  89  4   84  8   10  63 
87  14  35  71  28  94  34  52  25  23  48  8   16  12  8   46  47  48  68  1  
27  32  18  20  43  89  26  21  19  88  47  10  7   43  98  81  69  15  78  49 
5   90  61  66  80  74  57  55  60  60  63  51  55  83  71  3   5   64  20  96 
58  42  97  53  29  50  39  52  66  20  63  100 27  31  53  33  87  99  29  34 
38  42  55  55  45  94  66  68  75  58  70  26  66  66  91  76  57  16  62  17 
12  35  51  80  48  8   45  39  92  55  28  48  79  7   84  7   61  49  36  100
16  72  73  28  23  82  39  61  61  23  75  34  16  56  65  55  100 1   40  92 
81  37  79  94  16  16  38  40  21  17  73  41  98  21  97  12  32  42  80  20 
86  31  21  74  40  39  16  60  36  28  39  62  41  62  37  38  7   36  55  8  
28  1   64  67  7   61  44  15  12  75  23  55  25  93  22  50  29  12  82  1  
89  41  63  42  83  48  47  13  45  7   80  76  21  1   58  73  16  17  0   66 
38  65  86  16  16  71  70  0   39  42  23  97  12  73  49  49  31  10  7   33 
62  51  53  12  63  37  89  71  29  52  61  71  62  32  57  15  2   68  92  1  
3   77  78  49  90  69  40  21  25  8   87  100 38  66  60  37  29  8   27  62 
40  61  59  52  25  49  64  81  7   9   90  95  32  88  25  6   72  95  43  50 
7   95  99  27  42  22  57  86  50  72  3   89  43  12  28  46  78  49  6   46 
83  4   99  77  18  17  12  88  57  43  91  67  57  27  23  72  66  8   97  51 
81  74  79  4   53  54  53  21  81  60  44  53  77  21  10  77  72  44  85  23 
39  72  14  90  13  74  11  82  95  8   28  82  8   66  55  16  21  49  82  3  
63  45  1   5   60  2   97  88  60  83  38  75  0   77  41  2   13  47  48  14 
24  75  98  42  14  11  100 33  86  64  97  35  15  59  4   46  71  99  29  29 
60  49  73  70  87  21  48  28  63  90  97  38  10  75  31  97  60  29  20  6  
40  7   96  17  59  46  10  8   51  60  87  15  66  30  67  33  59  60  56  69 
92  21  13  27  3   97  55  68  59  44  69  59  17  42  53  35  27  100 58  24 
63  66  15  67  28  75  2   65  46  97  15  8   1   38  17  64  28  38  25  61 
19  18  76  35  2   72  4   36  73  47  89  68  14  93  37  46  99  56  7   20 
96  44  39  3   41  63  67  43  92  17  82  0   92  22  72  62  72  64  63  16 
41  28  9   65  87  44  65  87  11  26  100 68  48  99  73  68  11  90  72  30 
43  94  62  95  55  53  51  22  18  36  83  10  6   29  94  15  71  1   93  38 
77  42  11  15  55  14  23  77  40  6   17  67  65  75  68  56  22  95  84  41 
85  89  80  16  1   66  93  66  63  18  64  96  21  3   53  14  6   78  45  48 
40  80  59  38  40  80  84  46  31  84  71  79  94  84  30  53  72  42  36  66 
36  18  100 7   37  12  67  90  17  1   0   58  21  33  4   54  68  90  76  3  
22  55  25  22  99  43  6   28  2   23  66  83  79  47  100 4   3   6   34  81 
63  96  59  34  15  29  51  74  1   4   35  96  22  64  58  88  5   4   85  31 
0   90  82  77  69  87  17  46  28  8   11  8   93  37  97  27  75  56  99  33 
26  59  42  3   37  35  41  96  14  37  58  83  84  77  21  62  15  65  12  16 
88  2   80  81  81  30  85  98  35  96  55  57  36  68  84  88  73  45  8   27 
11  69  62  34  18  98  7   59  91  3   22  59  89  0   38  53  99  78  7   6  
76  25  67  11  96  32  23  82  15  98  89  60  63  84  31  33  55  40  100 33 
58  17  87  40  86  77  11  78  44  7   34  96  94  73  97  79  43  25  15  80 
94  79  25  54  3   60  30  67  11  35  99  61  86  18  25  32  51  30  9   77 
57  53  62  97  4   53  15  100 79  93  69  52  1   96  12  52  36  29  36  53 
90  8   43  66  67  72  43  87  11  80  55  22  84  23  17  80  4   88  58  35 
54  42  90  58  63  88  6   58  62  62  54  13  75  24  74  94  3   67  26  16 
39  44  38  6   35  8   26  6   49  75  96  35  54  45  94  27  94  78  66  10 
82  93  35  82  80  80  28  98  58  65  32  9   0   64  31  12  86  72  61  10 
67  92  99  71  70  16  71  21  47  29  73  84  38  60  10  13  21  4   51  86 
69  32  5   57  58  19  97  96  17  30  8   4   11  17  20  94  7   31  96  44 
33  77  81  33  45  80  46  38  10  80  32  51  15  100 93  80  29  11  84  8  
1   86  64  18  47  48  50  14  22  4   48  2   28  93  84  51  53  82  24  53 
44  81  43  59  11  24  25  95  38  12  25  67  35  92  100 91  86  6   23  60 
53  70  64  59  22  17  25  39  18  57  46  80  90  73  1   75  23  73  53  94 
96  14  92  97  37  97  64  91  51  62  34  100 72  51  21  90  54  48  45  59 
64  84  78  14  12  59  59  59  14  14  64  87  20  38  30  23  96  42  76  18 
20  72  26  64  69  11  62  36  6   0   45  38  38  55  70  41  55  36  10  100
17  75  25  32  93  100 76  78  5   98  97  46  89  52  23  55  51  98  87  50 
54  26  89  11  81  2   9   11  54  11  25  45  0   82  55  89  86  16  19  92 
0   73  81  14  73  1   33  37  0   56  42  84  81  38  57  65  75  31  57  96 
32  75  99  38  36  93  80  29  77  83  8   51  96  89  48  89  72  31  85  78 
74  42  8   22  63  86  31  66  53  62  17  39  19  96  51  62  91  85  19  45 
78  36  53  28  68  43  62  33  53  7   58  34  92  48  10  21  38  100 47  65 
60  70  71  45  91  63  90  83  90  15  29  89  97  69  47  92  4   83  83  14 
40  8   2   33  24  41  76  99  31  62  12  65  74  54  86  10  49  55  88  80 
2   30  15  5   88  20  7   57  99  99  17  36  49  79  41  95  10  2   95  44 
71  96  42  86  83  54  70  17  97  82  41  70  88  98  94  62  2   52  79  56 
85  86  19  50  44  91  41  56  25  97  59  36  64  97  46  11  93  14  67  100
21  33  94  94  20  34  53  38  22  72  87  25  1   50  89  15  48  83  47  56 
2   43  7   61  1   47  38  90  3   8   98  81  80  36  59  46  59  99  62  7  
77  72  24  30  80  54  3   85  31  68  50  76  40  9   76  4   40  62  21  13 
91  97  42  10  55  13  16  15  29  40  51  25  39  4   14  65  43  59  95  31 
99  87  12  25  41  89  77  65  62  0   24  0   96  66  6   6   92  12  96  38 
64  99  70  49  64  91  81  95  7   72  66  97  16  4   85  46  72  87  16  19 
60  80  44  17  18  3   45  21  98  85  59  48  81  76  41  24  65  7   20  100
42  49  63  54  18  65  73  69  71  35  1   71  0   68  22  98  20  74  25  98 
31  60  20  85  17  44  9   34  36  38  71  10  43  68  52  18  68  31  32  72 
73  54  1   51  58  42  87  99  32  78  86  39  82  50  10  62  12  63  31  7  
69  74  59  73  63  83  80  94  74  33  56  4   95  4   32  51  30  79  57  25 
13  29  91  44  80  5   86  2   80  2   21  41  28  72  50  13  95  62  24  6  
19  78  86  75  29  40  77  34  51  23  6   9   58  19  52  23  92  64  11  41 
44  78  6   62  18  74  81  25  47  32  44  81  38  74  1   30  52  27  96  70 
77  70  81  7   50  46  97  38  85  61  49  69  85  64  17  77  75  75  33  75 
87  49  53  3   85  74  16  87  63  55  61  70  54  39  13  11  34  57  2   62 
4   36  73  44  75  57  99  9   73  92  89  39  7   48  29  83  6   74  86  34 
49  8   45  65  74  57  62  10  45  41  71  6   24  94  28  67  82  52  86  66 
66  36  47  4   46  60  45  87  3   16  42  50  78  71  63  43  88  55  9   57 
58  91  23  42  52  32  8   17  72  80  98  83  76  76  53  100 69  21  39  38 
60  64  92  39  82  48  80  61  10  12  38  80  30  70  85  73  44  61  89  18 
30  100 32  16  76  41  14  58  60  56  12  8   65  74  10  50  0   84  21  94 
45  80  67  86  95  30  93  50  76  56  78  50  60  87  23  92  18  36  75  95 
25  50  63  21  65  17  7   48  20  4   60  5   27  53  61  25  23  83  55  49 
15  18  43  64  56  39  30  47  19  91  23  9   58  59  16  19  4   22  88  36 
81  36  4   17  34  16  24  45  80  54  31  84  26  44  73  21  95  7   64  2  
40  99  1   16  69  56  45  1   54  81  7   52  13  13  58  57  90  44  79  82 
9   60  41  55  47  0   10  91  16  100 32  50  52  64  51  65  49  93  75  60 
37  60  90  74  93  67  32  65  89  31  12  68  73  71  70  80  49  21  43  12 
55  12  40  54  79  92  63  12  79  7   8   55  27  72  40  99  45  37  63  18 
19  96  70  45  52  47  59  54  19  9   19  73  40  75  95  72  47  87  77  54 
18  13  31  44  76  64  98  20  70  78  60  99  45  40  17  49  76  84  94  79 
96  68  81  69  43  11  41  62  1   10  94  10  34  59  60  50  45  31  52  99 
60  38  43  59  55  37  19  85  84  74  28  90  90  76  43  9   42  91  72  45 
36  24  29  35  1   22  89  79  38  52  38  75  8   69  38  45  24  62  69  43 
57  84  88  35  24  36  95  86  41  48  75  77  75  34  22  29  93  53  12  81 
3   85  56  97  17  25  59  33  56  79  36  23  34  47  84  26  80  15  80  85 
92  90  85  50  19  65  70  23  74  11  58  5   67  23  27  16  98  27  47  4  
4   55  3   51  45  91  86  33  31  65  1   78  14  28  5   78  93  58  32  14 
35  38  21  88  71  50  47  29  0   77  67  38  58  40  79  96  8   51  5   75 
23  0   56  40  92  47  68  23  97  78  20  3   51  90  36  68  89  17  65  89 
31  66  100 74  69  97  93  26  54  92  60  60  97  94  45  11  45  22  76  47 
21  54  12  58  3   48  66  9   16  97  97  83  84  74  18  37  12  94  16  0  
49  19  84  64  84  40  84  23  1   79  93  43  60  96  14  95  56  86  65  77 
33  95  39  58  38  90  45  30  59  21  68  23  100 56  68  6   25  99  64  93 
38  94  18  46  70  11  20  64  67  32  18  79  25  68  75  40  30  22  39  54 
20  71  81  83  14  33  77  31  41  82  27  27  93  64  53  6   59  51  83  26 
53  88  58  84  2   39  89  97  31  80  29  52  20  32  23  72  50  52  90  20 
18  81  100 43  53  3   11  44  97  66  10  3   78  69  69  30  57  22  53  61 
7   81  42  71  42  51  2   60  91  44  31  41  66  23  31  41  94  59  62  68 
32  46  14  6   16  36  85  43  21  93  6   23  45  72  1   57  56  99  64  29 
44  7   9   1   93  69  30  37  26  60  46  12  64  55  88  12  24  83  39  88 
98  9   91  95  79  68  56  88  5   97  61  58  73  70  70  64  30  87  72  58 
75  23  23  71  6   29  26  53  79  37  68  100 14  6   2   23  35  52  1   96 
45  48  29  82  63  43  7   82  16  98  92  42  76  93  81  67  16  25  24  35 
67  22  81  19  85  74  76  8   21  9   29  32  72  1   22  21  15  16  45  74 
47  50  46  7   56  10  76  79  20  97  0   62  93  10  20  0   75  94  2   38 
19  1   82  16  57  31  83  84  12  15  24  18  90  97  69  96  36  80  84  76 
13  83  27  37  86  89  93  85  29  37  13  85  89  12  92  66  99  86  32  51 
7   58  83  52  6   28  15  23  63  21  15  36  40  18  94  6   70  63  12  96 
39  45  27  73  55  50  62  85  63  0   14  92  39  12  68  97  10  91  16  28 
62  36  51  94  81  37  94  48  75  62  27  60  2   77  55  19  5   50  28  73 
46  69  82  59  84  89  100 85  23  92  42  65  11  11  68  65  33  19  94  54 
96  55  13  92  4   41  53  70  45  42  43  74  56  11  87  29  2   55  3   11 
69  43  59  97  80  17  92  95  48  52  8   4   76  29  4   77  31  88  80  11 
22  19  28  5   8   72  93  55  45  5   98  91  57  58  16  89  3   92  93  61 
12  31  98  16  46  7   60  58  18  7   80  45  81  25  90  58  10  92  24  96 
36  68  3   69  80  66  14  28  34  27  52  63  83  28  58  3   93  84  16  92 
25  82  43  52  67  33  88  49  98  47  39  48  53  21  43  88  37  65  40  90 
19  36  83  70  52  56  88  62  49  39  91  69  89  100 29  98  20  20  9   32 
74  98  64  98  19  15  11  56  36  99  21  56  67  6   97  27  49  78  83  18 
64  54  13  30  29  94  48  17  19  88  26  4   57  36  81  31  33  63  72  42 
2   62  24  78  64  71  84  69  55  65  51  98  13  39  28  74  59  19  73  86 
88  74  93  64  3   32  75  74  6   92  73  58  26  82  27  80  88  31  27  1  
42  5   92  24  73  58  47  96  86  79  23  47  70  30  79  88  84  36  31  95 
6   16  61  69  53  28  50  6   15  41  1   18  36  61  53  25  31  54  71  78 
26  54  89  27  96  5   9   29  42  98  10  57  69  27  19  84  25  6   38  78 
27  100 90  43  39  73  76  5   86  84  24  13  37  69  34  44  42  21  37  95 
36  92  18  70  86  16  84  25  83  86  64  11  59  71  34  83  79  6   3   100
97  25  62  4   67  84  48  20  92  4   5   92  16  93  11  19  16  52  41  7  
11  94  5   61  77  80  67  77  92  51  57  80  14  57  66  36  70  11  76  70 
59  33  49  99  53  37  38  87  37  35  13  74  43  11  97  56  72  89  4   84 
63  89  87  100 75  8   90  69  58  100 21  35  88  29  76  40  2   3   72  94 
75  51  3   38  79  91  52  45  72  95  28  60  47  97  74  55  50  0   88  54 
89  40  59  81  3   60  31  79  52  21  4   49  30  23  100 48  86  23  3   42 
14  0   90  60  46  13  56  29  94  64  39  67  10  72  79  38  1   90  32  53 
33  56  70  70  98  38  85  26  2   13  79  32  11  94  46  99  23  68  71  27 
60  55  89  32  65  63  14  61  84  50  72  51  6   15  29  29  62  3   9   64 
30  52  37  73  48  75  66  7   81  20  84  68  16  30  5   80  52  32  19  27 
78  50  9   64  4   87  69  84  98  92  37  26  50  77  14  44  13  59  28  82 
77  77  10  71  49  50  87  58  75  89  46  61  97  90  1   20  50  87  100 11 
18  74  37  32  14  95  98  18  17  99  31  26  1   48  62  13  81  22  68  74 
10  38  54  59  74  76  98  89  0   77  6   54  50  45  79  22  9   59  59  92 
62  46  30  100 79  62  96  6   95  8   28  36  16  51  65  72  17  92  39  33 
82  20  34  84  56  73  19  80  43  72  100 31  5   37  22  27  90  36  93  39 
51  37  92  52  50  19  40  0   32  27  71  9   37  49  18  1   94  69  80  16 
95  10  54  87  71  39  95  83  53  22  35  24  54  63  62  39  23  54  26  83 
37  40  31  36  25  1   71  76  49  71  3   29  48  21  68  84  42  18  64  61 
33  16  67  94  14  32  21  35  16  5   91  85  11  43  49  22  36  80  52  45 
16  59  62  64  31  66  77  71  84  100 61  8   50  10  64  15  66  96  70  44 
43  93  14  7   9   59  64  53  8   37  87  46  67  42  65  62  54  21  15  79 
81  89  22  13  46  58  4   80  40  56  11  99  82  2   97  51  82  37  17  38 
30  61  28  72  65  89  79  59  32  49  50  92  94  74  73  91  99  54  77  61 
28  51  91  10  6   62  11  57  36  9   85  92  34  26  31  88  53  28  20  46 
11  32  65  29  75  0   82  41  31  71  52  44  97  83  87  93  47  99  52  13 
38  86  72  12  85  60  73  88  65  6   29  31  45  11  72  54  35  29  26  77 
42  74  100 0   47  29  69  25  2   36  33  39  54  51  6   39  5   7   93  20 
42  65  96  81  70  66  77  19  30  93  28  21  2   53  98  12  19  19  35  8  
44  83  33  82  62  36  93  1   23  64  37  4   16  31  84  72  19  47  89  16 
27  30  59  25  77  43  10  41  40  95  76  38  38  96  57  41  0   41  23  27 
36  59  92  15  75  42  59  66  91  34  84  13  0   2   22  0   57  96  44  86 
55  49  71  65  83  90  11  78  29  3   97  64  32  43  71  24  52  90  57  27 
25  14  79  27  40  69  73  98  35  67  66  29  80  42  41  47  60  46  65  27 
7   93  15  36  1   6   51  11  100 91  35  57  0   70  95  70  55  24  41  57 
96  54  55  2   23  91  1   53  98  69  33  86  13  48  92  9   89  45  52  82 
52  70  31  58  3   7   43  60  16  92  63  65  41  57  3   59  16  68  65  95 
98  39  33  55  76  41  67  7   70  30  18  44  80  86  16  86  53  62  50  53 
4   25  38  64  64  47  5   37  10  9   28  9   91  34  49  37  89  71  78  73 
64  49  94  43  71  77  11  87  48  32  9   50  16  60  57  83  2   17  48  85 
80  59  70  73  42  4   70  53  67  33  4   58  64  73  73  16  72  33  43  49 
39  65  26  94  23  12  18  99  2   100 53  94  40  83  61  71  12  74  16  97 
74  80  73  86  57  78  75  38  7   67  22  70  84  53  95  87  31  21  10  97 
31  49  95  83  3   24  46  95  93  31  64  68  28  81  62  60  45  45  88  25 
66  89  97  41  63  29  93  38  40  82  53  31  88  66  64  79  18  41  27  12 
31  54  3   63  95  69  71  68  2   92  55  2   66  15  74  96  55  43  66  66 
46  89  15  68  97  93  27  90  52  85  38  2   74  76  47  46  12  72  23  55 
97  13  69  4   8   21  13  72  66  70  22  10  41  53  77  7   4   11  16  55 
69  16  12  34  38  95  97  81  76  31  80  12  71  37  13  1   35  64  63  32 
79  73  99  28  100 88  48  46  28  24  83  5   83  58  40  61  75  60  15  67 
1   12  23  15  45  19  23  38  11  20  98  62  77  10  20  30  22  75  98  27 
76  93  81  47  43  41  80  7   38  38  80  70  52  69  17  78  20  44  92  49 
9   43  14  73  67  100 34  13  41  82  18  25  0   35  63  13  31  16  26  62 
16  4   14  15  80  69  85  22  73  28  12  65  45  24  56  60  71  4   31  19 
15  2   72  50  92  95  41  53  56  38  45  58  83  65  29  96  36  38  17  81 
89  74  75  8   46  85  95  60  22  85  84  52  58  20  3   67  41  14  87  82 
86  98  14  63  39  57  56  21  64  80  64  4   71  96  21  49  5   55  69  83 
18  23  4   84  78  49  18  23  31  19  64  35  58  75  75  42  93  91  12  2  
1   40  30  15  97  5   69  92  52  89  41  46  79  40  51  92  20  54  10  1  
68  18  100 18  92  38  18  44  14  39  50  20  37  61  52  64  31  57  63  8  
15  96  51  52  100 2   29  24  9   24  96  81  58  45  27  60  89  54  96  58 
9   0   32  26  33  47  76  84  77  91  81  91  9   56  100 68  60  66  47  21 
99  78  24  79  98  95  56  99  36  86  29  85  7   42  76  47  55  41  18  29 
24  64  78  49  70  43  35  79  80  44  49  52  55  80  44  2   43  8   94  13 
15  71  2   71  43  87  31  70  84  100 59  64  40  29  58  28  85  36  66  63 
25  38  29  42  38  28  24  12  78  77  61  8   41  10  61  4   93  96  35  75 
7   45  9   55  70  7   100 59  95  5   41  70  89  22  33  49  0   18  3   79 
79  99  2   14  84  24  41  92  22  100 79  39  35  81  40  14  80  70  60  17 
1   65  18  26  33  17  85  53  12  68  0   68  41  5   87  42  38  44  36  24 
62  8   9   11  10  81  58  42  11  57  70  94  89  59  35  56  34  5   26  27 
50  15  80  1   87  51  10  59  70  52  42  19  80  33  80  5   77  29  11  94 
52  49  16  51  81  72  51  70  16  69  97  85  18  16  18  43  32  89  49  10 
74  97  44  80  51  62  33  41  26  72  45  41  40  4   49  56  71  100 55  29 
1   14  61  5   93  77  26  12  50  86  87  52  39  79  18  70  46  60  10  75 
99  33  36  84  31  3   3   53  46  10  71  77  16  44  22  64  42  38  28  6  
34  55  28  43  67  18  95  73  58  99  57  75  65  79  89  8   5   89  1   77 
17  39  60  64  45  81  44  1   85  66  95  61  39  67  1   65  6   6   25  17 
0   60  2   10  47  2   29  43  81  65  84  71  67  42  63  98  93  21  94  71 
79  86  46  98  89  31  82  6   80  4   25  0   76  69  56  51  77  99  57  42 
42  76  51  71  9   87  60  1   67  34  10  85  5   34  32  42  1   83  23  15 
82  68  37  22  25  97  54  25  54  95  100 20  85  61  56  38  88  98  58  55 
68  79  48  59  95  5   30  10  2   35  58  67  60  40  83  3   22  57  87  0  
54  45  44  33  89  75  95  39  89  6   79  95  10  32  34  14  30  71  45  98 
33  87  26  8   88  45  55  72  72  53  0   51  82  77  7   31  31  34  84  37 
63  89  86  21  35  40  0   38  83  43  18  8   51  36  53  60  57  74  16  4  
84  10  17  5   5   38  78  28  50  80  58  83  79  74  64  87  44  50  92  100
23  19  49  15  57  96  18  15  3   37  73  92  90  35  89  59  16  74  1   94 
31  60  13  92  98  20  53  17  12  78  7   31  24  31  83  1   78  17  61  98 
13  25  98  62  93  96  38  77  16  62  33  73  55  29  5   46  35  74  38  39 
72  98  4   88  9   41  39  44  40  20  60  45  91  31  46  0   98  52  82  83 
87  59  72  30  75  61  62  93  56  19  30  19  58  91  8   60  50  5   94  66 
79  32  58  89  92  71  61  10  46  95  62  0   81  74  21  16  43  100 37  65 
8   75  95  82  68  16  76  28  5   33  25  60  76  0   21  88  4   74  100 61 
67  6   79  10  54  74  36  23  65  53  21  54  10  46  65  94  100 11  39  94 
36  37  85  9   56  19  71  20  62  43  26  78  88  60  34  7   37  32  37  26 
76  62  0   30  27  61  66  73  96  60  73  16  54  4   64  99  52  71  94  9  
19  19  14  12  50  72  27  54  77  64  86  62  90  40  10  77  50  6   64  53 
15  23  31  44  48  95  38  98  80  87  49  12  42  87  30  67  10  66  24  18 
98  48  47  8   79  96  15  9   0   33  16  61  99  53  61  74  80  69  73  42 
80  1   17  74  49  93  95  74  75  30  70  2   21  50  94  39  39  12  82  63 
93  40  47  61  60  41  49  77  90  86  27  48  41  76  34  17  1   68  6   16 
38  13  41  44  38  32  36  69  19  49  17  47  38  30  3   29  15  30  19  75 
53  92  37  84  79  100 38  24  21  27  69  26  3   43  11  90  8   49  33  24 
56  48  45  92  53  89  62  6   88  14  98  56  22  78  76  23  52  50  19  37 
20  52  47  81  92  66  37  16  76  45  90  38  83  14  73  33  0   40  75  65 
63  16  70  85  94  78  34  83  75  20  73  12  71  60  61  96  18  51  100 28 
83  19  88  28  3   83  59  46  77  20  47  70  85  33  0   26  82  19  66  38 
42  12  76  84  74  27  4   49  8   62  54  39  35  23  64  64  50  76  9   37 
11  54  20  91  37  25  37  97  88  23  40  25  37  94  27  15  39  50  92  5  
89  23  72  65  77  35  47  33  96  84  87  30  71  53  68  88  72  96  43  28 
3   37  13  23  56  85  55  73  27  47  89  95  33  30  8   78  11  95  68  29 
33  5   31  95  53  69  3   71  18  9   79  98  69  50  18  0   20  41  17  40 
42  85  85  79  41  57  14  32  54  83  30  53  44  96  47  85  86  45  62  24 
72  9   97  85  21  48  82  95  75  81  32  72  98  43  84  38  42  56  73  87 
59  66  68  38  73  68  79  83  0   51  7   98  61  65  76  16  46  52  50  15 
69  45  93  25  84  24  56  74  78  88  66  39  25  24  55  40  67  14  53  43 
94  64  17  57  72  37  87  19  98  32  93  34  17  25  52  41  5   60  65  78 
77  86  55  37  21  14  23  21  59  58  99  30  59  71  73  1   58  32  4   54 
17  99  68  41  13  97  30  47  44  98  54  12  95  22  91  82  84  74  40  13 
61  15  80  58  32  90  16  42  23  7   87  39  36  40  50  76  52  79  93  20 
91  36  85  47  44  87  95  18  16  88  96  87  33  74  21  36  81  30  25  6  
78  61  92  18  96  65  43  2   32  11  54  80  16  6   86  84  81  92  77  1  
56  11  2   82  36  2   56  66  74  14  97  36  93  68  42  99  84  85  41  10 
32  43  68  81  59  66  92  4   51  81  74  76  30  29  95  16  11  0   59  30 
60  15  39  70  7   69  44  84  39  86  80  95  63  37  40  12  99  72  45  25 
29  13  49  34  18  28  21  9   32  60  50  84  38  27  5   88  58  12  66  69 
32  94  91  98  77  1   39  60  14  2   44  58  34  50  77  51  90  45  49  13 
4   28  32  73  34  9   92  15  61  25  55  33  6   20  9   36  17  89  97  50 
31  95  88  39  67  52  73  94  48  60  2   30  60  84  83  19  19  68  41  47 
89  44  61  84  96  37  84  11  15  1   37  41  59  5   27  15  60  95  60  7  
50  16  97  88  80  87  79  57  53  33  98  9   21  68  78  90  0   28  78  98 
55  97  89  98  68  16  53  57  11  65  18  62  58  86  41  36  50  48  46  60 
74  83  21  72  25  56  16  12  76  74  70  39  46  24  31  19  19  26  61  77 
83  74  84  30  60  50  84  39  41  76  96  44  0   59  11  43  78  91  96  90 
7   89  53  43  37  5   14  42  95  75  82  9   61  18  99  26  90  94  97  27 
27  29  84  2   69  3   37  49  55  89  75  82  43  81  93  12  56  83  79  41 
64  30  35  45  58  50  96  95  25  71  42  16  16  3   3   13  53  10  81  7  
68  38  80  36  54  77  34  12  6   73  5   59  3   45  85  89  20  37  73  84 
27  86  95  54  8   24  71  45  15  17  87  48  3   70  56  95  24  18  2   17 
59  87  82  45  9   97  73  50  49  96  56  32  83  64  3   79  10  49  70  74 
31  82  78  40  50  66  11  78  78  8   34  9   36  79  46  70  31  100 11  90 
35  46  5   72  47  6   6   52  76  84  99  31  72  8   46  1   88  13  36  49 
46  3   7   73  99  29  38  72  11  44  41  3   90  92  57  96  84  56  49  86 
10  83  24  86  9   77  46  40  93  28  97  82  46  16  43  28  13  78  16  85 
90  28  79  64  64  18  24  91  78  63  37  4   24  11  31  17  84  3   27  69 
74  39  60  56  21  78  42  48  22  30  65  57  25  1   44  47  46  66  36  89 
94  91  56  85  10  3   96  82  98  2   4   37  67  23  82  38  48  57  58  51 
84  40  79  63  58  65  99  59  65  73  92  83  50  13  17  47  27  59  68  77 
60  7   70  4   45  97  60  61  87  7   85  47  25  4   86  6   58  70  74  71 
39  11  94  22  9   85  34  50  28  71  23  49  27  80  91  32  79  82  71  12 
96  33  17  80  50  53  91  94  3   64  78  36  100 60  6   65  92  11  41  24 
3   28  92  49  53  9   28  99  61  3   36  17  37  7   12  90  4   33  48  83 
2   21  71  38  43  0   99  23  15  47  29  80  45  82  89  71  35  0   68  25 
75  78  29  27  12  67  54  6   23  68  100 44  73  89  49  38  37  3   75  99 
87  20  18  32  38  98  34  43  33  89  51  80  30  52  18  55  66  38  98  33 
25  40  51  2   21  100 47  69  1   64  98  75  100 93  88  90  66  51  9   92 
9   44  92  76  47  89  19  15  51  40  69  72  11  27  52  23  66  86  65  54 
56  94  85  53  73  85  96  7   87  19  88  84  43  71  91  64  86  77  69  52 
34  20  20  46  32  65  17  29  42  10  53  19  66  62  84  1   72  84  31  32 
54  33  75  97  44  40  88  45  93  0   11  62  18  49  100 67  85  44  85  24 
76  56  41  91  88  15  27  59  1   81  70  74  59  9   17  12  70  40  83  63 
63  20  49  41  30  21  68  1   24  63  92  21  25  39  73  78  31  32  47  80 
9   41  1   93  97  21  88  59  12  19  43  9   47  12  11  6   92  83  8   24 
98  57  26  71  67  25  3   97  26  68  28  100 58  79  33  38  68  5   90  3  
7   10  70  70  52  14  30  34  3   5   91  18  33  45  53  30  16  19  68  92 
83  38  93  84  12  20  52  78  37  61  96  71  78  87  20  62  61  80  30  50 
77  93  62  27  38  21  45  35  45  75  86  81  33  13  99  35  100 93  73  78 
7   63  54  4   45  98  47  7   31  90  20  74  41  60  76  71  2   94  88  70 
83  71  98  27  22  80  46  16  9   92  63  84  13  64  80  78  49  14  40  29 
66  55  39  19  27  60  43  12  58  28  43  1   4   83  0   27  52  71  29  34 
73  52  34  8   26  67  56  58  99  71  53  0   14  46  15  80  57  93  12  35 
94  35  50  20  54  96  14  46  57  87  54  27  12  97  97  40  38  84  12  73 
54  75  97  51  14  62  2   65  42  34  27  49  57  71  69  18  59  87  94  56 
47  1   49  89  60  34  30  98  14  44  54  11  69  6   98  76  61  32  47  6  
8   50  80  63  89  80  94  96  20  48  77  62  16  49  88  75  22  37  77  36 
92  31  9   59  77  70  3   37  51  46  78  67  76  90  76  24  88  74  2   67 
1   0   20  91  57  7   36  82  40  47  82  42  10  74  3   17  25  63  50  25 
23  83  72  85  45  23  23  70  44  40  80  70  31  47  38  0   74  26  68  60 
73  67  13  75  4   48  19  91  81  14  54  78  13  38  13  56  3   38  52  49 
72  61  79  100 69  40  42  92  0   6   45  43  24  2   7   66  41  31  65  42 
53  89  11  90  56  73  40  23  25  60  72  86  27  23  98  79  31  21  27  30 
