36 50
3   38  59  70  92  94  2   1   71  67  99  68  100 7   59  10  1   78  68  84  84  72  98  99  5   35  30  8   74  15  78  96  13  22  95  1  
85  72  23  54  98  87  44  25  89  64  75  82  17  25  5   69  41  43  47  54  16  0   19  63  61  5   40  19  62  41  59  13  78  90  8   93 
77  64  61  96  65  35  10  5   90  39  27  61  10  77  42  36  96  14  82  97  76  52  88  26  79  68  66  38  18  43  23  41  46  53  58  78 
83  72  97  8   14  57  97  13  54  62  8   2   68  39  24  42  47  47  6   8   80  35  76  51  100 65  47  38  44  26  53  48  16  82  72  23 
84  95  36  80  9   38  86  2   62  88  80  90  9   17  65  30  14  19  63  19  17  78  71  6   66  62  93  72  67  18  66  23  95  73  16  75 
46  0   75  50  68  64  43  92  44  25  96  74  47  10  81  58  30  22  92  55  73  93  29  46  40  100 85  41  21  49  27  66  14  13  9   41 
49  25  24  4   48  1   17  68  4   9   71  82  16  99  53  83  19  34  85  29  78  5   29  32  33  95  65  27  16  51  27  21  59  54  73  26 
78  89  53  47  91  31  40  8   43  12  10  22  47  9   70  67  14  44  75  84  1   96  68  84  40  47  77  84  31  94  86  84  83  82  85  70 
15  52  93  89  85  55  30  43  89  33  4   78  49  93  20  79  83  59  26  73  98  27  72  58  77  77  47  82  71  95  54  3   26  84  74  18 
85  44  14  21  37  74  31  5   14  89  69  39  67  28  98  40  94  97  34  77  26  74  58  13  90  17  11  11  74  25  18  47  22  49  48  4  
51  30  57  79  29  42  6   38  70  5   4   80  61  91  56  1   0   2   88  59  69  76  53  72  30  73  33  35  78  36  92  74  31  60  58  1  
65  40  29  16  30  43  71  8   63  90  59  12  78  26  59  47  13  20  14  49  65  74  3   81  59  12  35  41  21  37  51  61  87  59  78  27 
26  8   74  36  27  95  33  52  88  89  70  60  35  89  78  94  74  20  6   30  18  45  84  39  89  77  69  5   57  7   26  38  81  25  79  65 
96  17  69  17  73  11  37  45  40  51  15  58  19  5   26  70  24  95  21  22  34  38  8   66  81  9   10  0   13  47  9   76  53  65  28  34 
61  86  16  69  12  52  90  19  40  17  71  26  12  45  99  91  48  79  11  77  28  19  92  26  64  33  57  53  100 9   52  57  49  74  76  7  
36  61  65  64  11  40  7   39  20  58  61  17  22  37  41  38  87  34  21  23  35  34  82  89  14  53  31  42  66  34  96  13  79  39  43  99 
55  59  64  32  0   60  71  97  23  86  40  80  9   47  49  94  81  40  91  70  80  37  25  19  51  61  95  25  32  20  11  34  70  75  71  48 
94  56  5   99  85  91  96  71  41  51  39  0   70  71  86  18  72  40  86  75  94  30  53  83  19  82  39  96  20  30  21  9   39  76  72  16 
98  44  18  33  99  51  30  84  71  22  13  97  46  40  82  61  1   42  9   69  62  99  34  45  79  69  95  66  42  20  73  19  67  55  36  62 
61  49  54  7   67  48  39  40  35  46  35  5   7   80  43  94  63  14  8   68  26  99  39  81  94  56  69  91  58  54  65  39  22  69  7   43 
51  85  5   83  67  36  96  74  99  60  11  82  41  62  56  90  25  16  89  59  24  14  72  60  56  17  26  47  34  18  25  39  81  36  8   70 
47  54  12  98  58  10  90  39  65  10  80  89  69  34  84  71  31  13  13  90  57  49  90  30  93  9   91  72  87  43  36  36  65  95  17  35 
29  92  38  53  49  52  87  27  16  60  39  42  31  1   11  95  52  83  15  39  70  36  54  26  0   8   96  99  93  15  79  40  8   80  46  57 
56  94  66  24  24  11  43  1   99  68  34  87  36  71  58  40  53  27  85  27  85  6   80  51  47  49  10  14  21  5   45  90  98  79  14  56 
57  45  78  31  27  62  72  94  94  6   49  19  27  15  79  27  48  51  4   22  54  69  29  14  2   15  30  30  14  34  73  50  16  77  16  63 
79  75  46  75  55  17  58  31  7   77  21  96  23  1   8   71  72  13  1   79  89  30  88  56  7   58  46  69  32  40  75  68  68  100 99  22 
58  47  85  87  9   40  13  37  91  74  40  15  100 60  32  57  100 11  45  87  60  79  71  70  27  59  76  31  6   70  56  70  87  73  62  82 
98  15  56  97  92  68  45  2   30  38  44  70  69  87  90  68  6   9   53  48  97  55  59  70  94  75  75  70  74  89  58  51  51  83  83  52 
78  52  33  36  27  86  33  35  86  89  95  26  71  41  15  89  8   77  73  1   35  21  79  99  28  72  68  57  26  66  19  5   14  37  4   94 
47  55  64  10  36  23  61  98  49  64  81  89  55  16  95  92  36  81  92  22  66  63  41  71  92  16  76  95  96  4   4   41  83  84  1   90 
65  96  67  1   71  40  99  54  65  85  49  69  58  31  25  48  75  78  35  71  9   91  60  15  88  23  60  6   53  37  7   92  96  7   81  11 
74  28  71  3   81  85  54  98  99  95  34  58  81  18  48  71  3   72  41  3   28  89  41  22  7   0   15  47  57  81  92  85  48  99  61  97 
87  71  49  49  47  48  39  66  65  8   73  22  37  55  14  43  85  49  58  33  10  60  3   15  65  19  22  95  21  84  23  100 75  23  94  24 
32  25  55  43  7   97  52  1   12  43  3   78  8   80  13  73  8   35  39  73  12  68  78  19  63  40  46  69  40  30  93  80  75  68  97  73 
16  74  10  94  82  70  84  10  51  97  14  35  20  77  80  91  21  12  39  97  83  45  82  18  57  62  39  32  43  27  71  13  76  15  82  46 
65  39  24  8   69  56  53  75  8   75  86  99  80  1   14  96  38  7   55  55  87  14  0   49  3   9   1   96  14  71  30  98  43  93  43  47 
12  16  65  43  95  45  20  35  94  4   32  73  3   39  65  100 55  71  67  100 97  44  45  82  1   80  67  50  41  98  63  57  73  64  30  1  
57  36  80  1   42  69  55  7   70  13  28  100 59  44  93  45  12  33  85  82  99  90  78  36  81  32  33  82  58  1   49  97  16  4   3   88 
95  60  55  31  32  67  50  69  46  17  89  41  51  91  61  93  60  65  71  32  19  49  90  34  96  66  39  85  85  3   40  57  44  54  14  97 
33  63  32  38  32  73  43  78  72  10  88  64  54  18  23  30  94  66  10  12  89  17  33  11  63  28  67  74  50  48  14  25  7   68  75  71 
1   17  76  83  6   70  10  48  100 17  33  62  92  67  10  56  19  58  77  86  18  61  23  78  75  81  34  99  25  23  87  14  84  97  95  18 
63  31  55  14  40  43  93  40  4   64  9   32  42  86  88  11  28  47  87  2   82  22  61  33  44  91  98  7   50  77  76  44  6   87  33  31 
69  71  26  93  16  61  21  70  39  9   38  96  10  62  5   0   23  44  17  52  24  30  95  32  55  43  90  93  42  47  4   57  44  82  54  85 
56  81  49  73  1   94  10  69  23  54  89  90  77  95  13  91  16  49  43  77  35  10  14  20  34  94  84  68  89  3   59  21  39  50  18  9  
81  8   32  77  75  86  87  59  53  4   14  94  6   92  43  24  76  56  21  42  1   44  23  44  83  70  88  9   1   100 93  71  49  61  7   4  
11  13  95  32  51  58  70  42  72  65  44  76  54  57  31  26  34  7   54  99  23  74  66  24  72  38  18  42  55  60  81  73  84  75  49  13 
55  6   80  26  3   60  31  6   89  43  69  32  58  7   67  45  65  31  9   16  84  85  21  63  76  49  49  11  96  24  88  67  7   4   80  65 
69  56  2   37  42  24  57  37  17  90  3   51  73  44  31  65  21  81  85  95  70  57  51  32  56  61  52  70  54  80  92  58  10  13  35  11 
61  57  48  46  80  52  77  58  46  14  5   91  53  74  4   65  27  53  98  49  44  21  25  78  23  54  30  89  64  78  2   45  21  85  60  22 
35  25  87  100 6   25  22  24  36  13  80  27  95  59  13  85  14  32  69  74  3   72  42  100 12  75  70  10  75  15  83  65  82  39  58  35 
