100 100
10  81  1   78  71  73  59  16  80  74  18  73  76  26  57  84  4   95  54  95  71  34  54  73  3   65  8   36  60  13  65  17  20  94  64  15  22  79  65  16  9   76  89  36  99  95  82  10  76  68  27  31  87  18  21  46  9   50  61  29  2   76  21  34  41  57  72  1   72  26  90  58  3   4   22  74  2   80  21  77  82  80  45  62  2   11  62  26  34  5   39  40  72  23  9   82  17  29  88  56 
60  83  14  53  87  5   27  72  31  76  3   86  90  30  64  7   6   88  76  55  60  74  63  96  99  23  49  35  62  69  58  83  17  51  1   72  68  5   4   3   12  56  40  11  69  93  90  48  90  14  71  48  70  6   32  16  31  89  24  67  7   23  55  50  92  49  9   63  60  54  48  75  100 94  64  44  12  6   67  9   74  62  65  61  64  94  12  54  20  13  13  35  90  87  93  14  80  60  30  33 
68  51  97  4   58  59  24  49  21  33  52  74  20  8   0   56  23  62  61  71  11  44  99  47  48  28  9   25  75  94  0   10  51  61  63  36  87  73  71  51  14  49  57  71  60  83  97  13  93  25  53  31  93  4   60  90  4   57  0   25  2   74  76  38  76  50  57  94  93  63  9   5   33  71  49  20  95  26  50  84  42  36  92  4   27  13  68  11  39  80  38  55  3   26  59  20  15  79  41  44 
79  52  18  91  19  11  66  17  70  50  34  62  23  68  28  77  40  46  93  91  5   62  81  71  43  27  59  36  15  61  60  94  28  100 21  48  6   63  37  97  37  72  2   90  48  61  49  91  21  41  64  84  33  22  47  22  6   6   57  22  53  48  68  79  7   99  42  87  27  26  32  79  70  46  57  45  68  3   28  28  20  64  64  59  81  29  79  55  56  46  91  76  64  12  32  58  44  100 7   65 
42  38  11  54  43  50  10  8   68  48  98  38  94  59  25  92  30  41  4   72  12  71  85  63  95  40  48  54  70  16  24  88  89  77  74  56  15  57  65  33  8   63  83  53  49  15  50  52  89  34  81  0   82  37  3   72  52  57  35  45  79  12  54  3   1   5   88  61  14  8   1   45  1   74  77  35  33  30  48  26  32  47  59  35  0   78  89  70  49  58  53  93  57  72  17  81  65  49  37  49 
9   98  10  44  56  80  75  63  8   93  62  41  12  23  86  94  13  67  34  50  72  41  68  19  72  79  44  61  86  50  91  30  95  38  37  19  54  98  30  36  10  3   41  100 63  22  16  50  74  54  71  74  48  93  27  14  19  49  23  27  42  1   82  90  62  42  57  47  23  53  27  3   62  33  51  20  76  91  27  59  31  6   86  34  83  69  19  92  67  51  52  80  97  63  93  78  37  5   28  87 
4   77  42  78  92  93  17  98  13  92  62  28  43  92  7   86  6   22  17  5   89  15  66  56  33  62  60  48  71  14  54  83  7   85  71  62  2   65  34  43  67  39  44  14  78  4   91  1   70  82  43  69  77  33  37  2   45  61  82  93  93  89  32  84  21  3   80  29  55  70  18  26  5   4   78  85  19  21  44  82  41  68  16  35  22  6   93  34  28  36  32  6   7   92  51  78  56  59  74  47 
36  36  100 35  44  79  25  57  90  89  51  63  68  4   5   61  81  21  32  1   75  11  97  77  23  99  79  25  90  72  66  8   15  36  46  19  26  54  55  36  75  9   84  5   22  86  41  43  96  11  3   26  11  75  84  53  91  49  94  82  34  35  9   86  2   35  17  86  23  60  19  35  82  61  9   84  46  16  67  35  75  45  4   78  77  29  42  9   65  32  20  13  42  71  31  82  97  4   55  32 
22  2   10  15  23  72  100 29  56  22  76  18  52  41  23  39  92  65  48  28  15  2   16  3   39  30  39  45  70  64  87  69  99  32  61  52  83  69  87  12  13  70  5   84  8   89  55  2   36  80  41  77  16  36  36  1   94  40  30  37  46  3   65  57  53  3   80  18  0   16  54  20  60  53  98  96  86  66  29  0   31  100 64  84  74  13  4   56  94  52  37  39  43  43  88  32  10  23  56  92 
70  66  15  98  10  12  79  78  30  22  58  99  8   26  32  51  60  21  67  84  99  7   86  99  68  75  94  11  90  54  48  41  48  3   21  89  75  54  71  0   16  94  14  7   39  23  39  18  94  31  78  7   52  39  65  38  9   56  46  88  24  87  81  17  26  60  15  3   14  62  51  64  34  37  17  90  94  19  51  31  67  71  91  38  52  99  65  94  11  4   68  78  7   35  60  3   71  37  13  93 
63  3   5   59  82  25  26  98  39  40  88  80  0   23  100 91  77  45  50  4   21  32  55  73  52  9   80  24  90  75  7   58  82  12  61  48  94  16  50  98  47  67  75  41  92  61  0   24  60  65  9   20  0   8   75  78  51  66  48  70  91  3   53  35  5   88  27  18  63  50  50  18  8   27  65  39  33  90  17  34  72  82  47  35  41  79  11  0   71  48  22  70  75  57  56  5   100 24  40  10 
94  9   22  52  41  98  84  91  63  8   13  89  9   65  74  16  42  34  2   78  99  4   35  14  2   51  37  71  78  78  77  94  84  30  24  61  6   7   20  47  25  66  37  55  52  19  49  85  24  84  28  84  23  29  79  9   72  73  94  19  29  75  37  63  54  73  70  0   29  32  9   73  31  54  37  58  81  42  98  6   29  48  51  58  24  59  14  1   33  68  15  44  2   66  18  12  25  48  57  35 
38  80  71  4   56  3   22  29  15  38  18  63  94  78  23  39  52  9   28  41  35  4   90  75  23  24  95  77  51  89  72  99  44  65  53  39  36  10  9   23  27  79  38  74  6   4   44  24  41  95  40  93  20  8   67  43  75  67  30  26  36  22  41  33  82  15  82  1   46  82  56  82  78  64  45  82  25  71  26  30  45  70  90  64  64  36  26  70  96  37  13  87  35  57  10  72  75  31  29  16 
25  66  81  54  42  34  45  13  30  0   82  42  74  13  44  1   2   21  69  77  80  79  76  25  72  86  21  56  62  9   56  91  1   77  72  50  49  37  42  38  87  90  60  5   42  78  53  91  95  19  65  81  2   57  31  58  1   94  22  80  97  3   86  45  49  38  81  97  11  71  16  87  96  63  72  81  42  34  65  45  73  90  97  31  78  20  96  95  79  98  5   16  95  55  94  15  35  27  14  36 
53  77  1   68  58  27  80  22  89  76  87  29  82  36  80  76  95  33  8   30  91  81  90  85  83  64  90  51  16  44  41  34  34  31  8   77  23  65  5   48  83  87  11  65  89  5   45  76  48  93  15  9   19  27  98  57  13  85  53  12  99  75  46  54  63  92  77  97  3   80  5   95  70  56  12  1   7   62  43  31  28  94  86  17  84  28  99  51  86  20  56  16  4   3   82  17  62  22  83  61 
12  30  94  66  83  59  97  34  12  41  23  49  23  52  96  78  90  82  12  92  85  96  80  60  34  85  68  73  13  90  19  1   39  29  30  16  98  18  59  85  74  13  2   37  65  31  16  68  64  92  14  47  45  9   49  37  43  0   27  12  78  19  68  69  6   77  87  41  25  48  73  79  37  54  46  40  51  80  48  43  28  44  61  43  93  72  51  55  78  0   92  7   71  39  48  88  54  9   79  79 
70  4   33  97  86  10  57  29  14  92  88  36  80  50  74  71  6   61  39  37  18  43  76  24  80  8   18  93  33  59  48  0   74  70  29  80  87  41  14  85  65  78  55  69  5   41  24  20  25  85  45  51  5   47  70  46  3   93  82  37  2   82  63  67  30  4   99  47  69  56  81  90  72  49  53  100 38  43  42  81  39  66  71  40  69  89  32  48  5   81  40  62  63  62  58  50  71  18  6   29 
45  4   98  99  24  74  67  45  96  82  87  91  49  85  92  32  16  87  65  1   13  12  42  21  40  61  30  59  94  65  15  29  48  75  62  80  56  7   38  42  68  66  71  65  75  91  34  95  5   6   55  7   67  81  55  93  71  9   13  36  21  25  99  54  7   77  51  91  52  17  10  99  73  82  39  48  4   50  78  51  43  4   91  45  12  23  97  70  38  27  95  57  35  23  11  31  6   95  54  25 
11  53  2   27  58  91  58  16  60  80  28  82  86  60  2   51  1   59  44  77  48  53  87  87  42  36  41  23  74  68  0   98  50  48  22  27  52  10  86  14  33  24  96  0   49  65  18  11  32  78  89  17  52  38  60  87  6   12  33  16  32  52  27  92  11  40  2   6   75  82  17  56  72  67  80  54  45  74  79  89  32  33  81  44  16  31  71  22  44  51  14  24  85  22  36  24  3   35  93  95 
30  35  27  54  12  6   33  46  43  3   73  51  81  21  86  69  80  4   33  39  94  75  13  35  40  22  12  18  54  49  39  89  78  3   30  84  70  44  20  28  40  38  86  20  96  22  65  59  66  5   77  73  25  48  13  33  18  41  32  73  34  17  71  100 3   48  77  93  56  0   85  2   18  68  90  100 50  70  15  98  74  99  67  53  8   20  26  53  55  64  7   100 53  58  88  25  81  34  80  24 
82  70  61  91  72  84  54  19  81  76  93  9   5   25  8   20  65  60  42  99  66  82  71  24  10  38  15  75  4   69  50  34  6   35  46  34  35  72  4   44  68  59  66  55  33  11  50  36  68  85  0   13  72  59  66  2   28  44  49  72  2   18  41  54  93  30  0   30  55  91  15  10  86  73  1   85  52  57  61  43  22  76  74  100 32  34  95  74  24  31  97  46  60  76  9   95  71  42  6   5  
57  9   11  81  2   5   31  8   23  37  38  77  17  57  30  92  85  62  71  32  12  99  38  50  77  53  17  15  69  50  8   40  31  52  91  41  80  4   58  26  10  29  5   59  38  77  26  55  88  54  1   19  53  9   34  42  74  35  36  17  96  61  31  26  18  0   2   32  74  60  38  66  65  36  24  21  32  42  21  49  10  72  67  8   87  53  13  73  3   2   76  79  34  35  32  49  81  9   63  45 
99  40  9   67  31  86  99  59  36  41  25  29  52  80  68  66  91  9   98  10  18  43  31  45  6   44  22  59  81  98  44  68  15  36  85  20  70  29  69  47  19  86  45  42  43  91  35  14  50  25  18  2   8   15  12  18  45  13  51  89  38  1   44  46  14  43  44  1   21  83  41  57  83  16  2   28  15  86  29  30  80  45  6   8   60  16  76  57  36  96  28  20  74  74  76  83  74  68  94  91 
34  10  9   20  85  29  4   10  66  22  72  91  39  75  19  76  1   14  75  90  48  3   31  72  90  40  43  84  65  50  97  33  3   31  47  27  90  63  0   39  28  37  92  24  3   23  23  22  78  19  8   83  4   39  86  30  20  11  19  39  95  21  90  26  9   1   44  28  8   32  15  17  35  28  91  56  71  61  65  65  64  22  32  23  72  58  56  74  63  45  49  66  3   29  54  96  95  77  67  95 
11  81  96  88  72  50  44  5   83  12  65  78  53  15  15  94  100 38  56  94  67  9   47  21  54  14  72  41  43  32  64  68  31  54  62  66  51  80  61  100 100 70  2   52  87  41  23  73  46  8   41  58  80  98  18  43  63  76  72  22  19  86  59  45  73  27  96  22  58  32  46  65  17  97  1   90  30  40  43  83  23  19  48  59  23  75  45  38  33  93  61  19  47  29  62  68  5   48  69  0  
99  5   74  23  93  9   68  27  84  0   5   53  97  82  50  74  93  38  58  57  71  91  81  81  40  1   61  36  60  42  20  7   46  28  43  61  51  64  77  34  43  63  51  33  12  94  43  1   42  66  2   78  78  47  63  27  30  85  40  42  13  5   36  34  63  88  3   72  85  6   87  45  35  93  85  74  28  72  44  18  7   79  84  23  14  0   61  15  64  29  82  19  21  76  50  86  81  54  40  91 
54  1   30  22  62  82  11  45  69  97  77  87  41  67  7   13  24  32  58  60  47  10  17  26  11  30  7   56  87  73  11  66  7   64  0   73  80  100 10  6   39  12  77  26  69  70  63  29  17  39  33  99  13  66  56  95  93  70  59  61  56  91  82  2   70  46  85  99  97  81  9   4   56  99  48  89  58  38  8   1   0   17  11  77  9   93  78  5   32  67  75  93  27  87  73  68  14  4   14  57 
22  47  5   74  42  82  52  16  43  82  91  75  42  53  57  82  44  67  67  55  64  64  80  33  28  16  50  6   92  80  17  29  33  20  60  78  64  77  7   27  86  85  41  37  10  93  22  58  88  25  70  88  3   19  28  1   18  96  89  67  18  11  74  96  14  15  71  27  15  84  1   96  52  32  46  72  58  44  14  96  66  45  32  82  49  65  5   41  14  36  45  4   87  26  97  27  39  58  84  100
37  64  80  53  81  14  46  27  16  85  20  99  54  89  100 99  85  68  52  24  10  24  77  85  99  5   14  89  53  43  66  32  59  96  47  30  60  98  30  78  66  40  40  100 84  10  28  27  66  73  14  66  83  30  63  29  37  17  51  47  75  47  40  98  16  27  43  21  100 57  27  47  4   97  59  57  82  65  2   81  31  85  24  4   19  73  81  5   78  74  83  23  68  26  13  40  55  34  40  61 
49  23  55  49  82  78  70  4   35  32  52  60  88  57  41  79  39  1   8   36  73  95  4   49  7   2   70  10  13  45  18  72  84  28  32  10  85  41  51  26  58  56  44  77  1   7   85  67  78  10  18  74  65  98  49  46  65  4   87  83  22  89  49  27  77  40  29  65  57  74  5   79  63  64  0   41  56  81  94  34  2   33  8   6   7   38  100 0   59  57  69  53  14  59  46  65  75  35  25  22 
19  4   62  78  50  17  18  60  77  59  9   36  53  15  46  67  92  54  83  93  63  30  70  86  87  62  85  44  14  53  98  11  86  18  14  36  5   28  67  91  34  17  8   16  1   59  29  75  37  73  79  42  74  14  74  74  28  19  58  77  95  69  78  35  86  31  61  64  5   88  14  95  35  37  94  30  43  52  18  84  39  13  93  70  20  59  86  77  3   67  47  38  51  72  34  73  38  81  89  24 
2   47  65  12  56  46  5   4   69  54  92  86  28  71  40  54  86  88  88  72  39  49  30  47  54  98  60  83  39  49  88  90  65  95  11  20  41  45  63  2   46  92  1   63  22  9   84  9   3   26  57  49  16  32  78  59  71  54  7   83  3   3   9   59  9   96  56  64  37  55  86  61  63  34  16  43  73  6   81  16  38  51  23  61  38  20  72  52  39  33  15  35  53  18  8   57  5   72  84  6  
68  92  79  37  69  32  28  79  99  64  82  60  44  34  2   100 34  13  8   99  81  17  37  18  50  15  100 71  87  50  95  66  8   43  56  6   59  38  19  59  3   57  69  1   46  39  59  57  35  84  43  65  56  41  17  31  59  6   68  88  36  19  97  73  86  96  88  30  76  78  63  76  68  43  46  78  42  77  90  75  39  15  61  92  57  66  76  29  82  74  38  82  24  100 94  99  58  25  70  7  
53  6   89  54  91  50  0   21  24  94  92  79  96  89  34  85  96  12  13  14  18  89  76  29  15  39  72  86  47  88  3   72  43  78  48  74  47  49  94  19  32  33  91  55  68  54  39  16  76  3   18  9   84  50  99  53  92  100 95  66  31  44  48  34  24  7   79  32  15  46  55  2   37  33  85  76  71  17  60  99  30  35  73  66  87  34  42  85  78  26  38  79  81  54  25  100 25  77  51  45 
37  6   42  53  44  85  92  48  62  90  98  48  28  17  98  13  14  61  95  48  87  50  5   96  69  59  57  2   84  97  41  66  2   89  16  22  5   77  91  100 11  66  10  0   0   33  88  5   93  90  57  77  16  88  11  56  14  52  67  4   92  47  27  75  92  1   50  19  12  74  83  6   0   87  4   48  38  82  36  76  47  28  85  67  84  42  50  87  89  63  55  89  8   96  13  17  82  81  25  55 
30  90  54  9   9   90  3   6   91  11  85  5   93  69  2   85  64  77  97  73  42  16  99  6   83  5   52  10  66  18  89  18  26  71  42  89  75  70  31  78  82  67  74  83  6   97  90  17  70  42  70  88  42  84  61  24  76  40  94  14  6   58  41  86  11  83  19  94  43  71  74  9   12  44  80  86  74  77  37  14  51  78  77  75  56  58  49  8   53  31  18  54  55  53  1   36  36  28  55  0  
15  59  36  16  70  87  83  98  84  71  79  52  68  94  24  81  66  78  25  81  52  95  37  1   27  59  49  95  9   48  62  47  0   60  65  32  52  13  71  66  53  53  21  51  36  55  6   53  77  31  99  73  65  6   47  27  46  67  94  26  54  39  8   100 3   6   45  87  33  9   57  45  14  29  42  77  25  86  71  55  98  65  81  37  28  15  7   63  59  72  58  6   13  19  72  54  82  67  22  25 
94  30  63  69  74  52  73  37  15  63  90  51  51  8   35  39  71  78  61  59  80  83  96  44  79  51  79  25  1   36  13  23  87  51  9   1   91  88  36  97  73  87  42  93  26  50  25  59  79  77  56  12  37  55  50  29  18  39  76  18  11  83  4   19  33  52  37  95  21  2   51  14  60  23  49  98  0   29  29  48  14  45  65  38  71  93  44  83  30  60  21  74  76  14  86  32  35  27  17  21 
0   35  14  67  46  66  2   53  20  6   24  80  42  47  94  33  29  14  53  57  66  26  66  78  40  52  62  66  53  24  8   97  45  11  26  31  71  34  39  73  52  11  92  41  15  83  51  58  4   27  53  35  37  0   35  71  58  70  90  11  69  74  41  46  62  22  57  77  88  19  80  10  1   18  17  96  88  10  2   67  64  98  85  69  59  57  16  51  75  64  18  7   53  88  77  35  89  60  68  53 
42  88  55  43  3   46  43  100 48  58  26  44  96  34  56  48  81  35  61  32  97  93  18  80  30  37  91  99  95  58  69  66  6   77  28  23  76  33  23  62  96  54  81  51  57  90  58  49  17  29  45  20  5   36  69  59  83  99  1   11  20  47  85  15  14  99  90  100 39  39  55  51  51  8   92  16  92  50  70  81  4   22  30  10  82  60  76  73  90  8   79  25  9   81  49  73  43  63  0   90 
1   70  98  59  7   39  60  30  53  66  11  95  23  6   67  42  84  71  90  44  67  45  75  11  19  34  92  27  68  82  6   97  39  100 30  26  56  46  20  8   88  3   32  66  100 91  1   71  92  100 30  73  35  74  55  4   27  49  21  55  76  11  6   25  71  48  51  46  3   1   23  22  37  61  91  82  1   44  80  43  70  62  86  96  18  21  48  42  97  55  78  25  69  52  14  74  44  16  97  82 
0   15  57  33  47  60  35  67  31  41  77  77  65  47  91  82  25  95  13  4   86  70  8   42  43  23  79  13  44  70  90  69  46  62  84  20  27  80  3   96  8   89  11  80  5   98  28  19  34  74  90  44  62  52  57  70  22  64  51  32  64  98  96  11  23  54  0   34  53  98  78  3   83  55  50  91  16  62  66  22  27  90  55  41  77  74  97  4   38  23  48  81  52  33  77  42  61  50  35  98 
13  68  66  6   66  0   54  23  95  83  2   87  15  98  49  8   19  51  46  90  35  66  62  11  44  1   20  76  58  74  87  74  5   1   52  37  18  35  4   42  1   84  44  46  55  66  96  76  35  50  6   16  16  10  19  86  38  60  37  33  5   44  47  47  65  69  83  56  22  80  16  86  97  25  59  69  79  26  48  71  93  96  60  43  2   32  61  92  49  77  21  10  63  33  95  67  75  36  2   79 
22  99  40  4   63  28  64  24  43  33  62  78  65  48  51  27  16  94  74  96  95  8   4   13  78  60  8   25  84  69  18  75  66  70  66  54  100 55  16  77  23  74  95  8   99  63  1   18  65  79  19  8   99  78  40  88  6   55  7   70  53  25  38  3   12  71  52  94  95  89  13  45  30  89  86  4   71  53  71  82  27  16  47  37  77  3   76  57  80  28  30  9   1   6   52  22  72  18  76  5  
28  76  58  76  99  53  27  96  6   1   72  31  40  97  7   53  11  41  13  13  62  51  86  59  16  34  1   25  4   14  21  22  2   45  88  15  16  8   14  81  39  63  92  77  71  34  51  58  90  48  65  100 92  71  67  55  83  6   88  15  23  70  71  30  31  74  19  81  38  3   25  10  12  74  23  62  26  11  84  64  39  97  85  2   79  52  44  23  58  78  100 76  65  53  74  47  25  46  30  42 
25  86  47  23  24  41  29  61  3   73  39  96  35  42  13  52  10  31  10  25  66  2   90  77  36  4   94  99  61  69  76  49  72  44  79  22  63  97  85  13  93  66  77  87  5   82  12  59  18  51  41  57  28  86  41  92  24  51  33  2   59  99  90  85  3   17  15  75  8   97  33  72  77  17  90  27  99  93  74  0   93  58  26  2   65  75  88  33  89  71  4   26  15  2   42  18  88  37  77  77 
88  69  95  43  39  87  44  64  1   68  26  73  26  92  62  81  86  43  51  29  78  67  10  13  58  27  95  3   15  66  93  53  71  52  48  17  99  33  53  87  75  44  2   99  23  28  0   58  98  93  49  6   67  37  40  78  70  94  9   39  47  71  84  27  27  77  94  59  19  61  53  59  51  78  91  44  16  33  89  73  75  24  17  100 100 80  93  9   67  43  36  5   41  70  59  96  13  60  77  86 
84  52  22  50  14  91  37  3   22  67  49  21  87  15  89  68  52  55  17  56  16  2   95  76  60  51  77  11  77  39  7   50  3   73  90  80  53  2   38  3   5   43  99  81  5   52  78  66  61  11  0   100 70  82  57  76  25  46  77  52  91  74  43  8   20  46  6   36  4   32  87  75  26  23  1   13  16  90  89  15  39  13  99  47  3   68  32  46  21  29  25  17  40  40  89  52  69  15  4   10 
64  75  6   53  30  29  82  61  56  91  34  82  46  31  2   98  100 46  2   85  16  7   48  28  100 10  33  3   78  79  73  48  43  87  36  40  0   12  61  70  38  68  95  17  40  63  53  56  51  33  13  52  54  5   36  90  69  32  76  16  13  95  21  42  99  21  4   42  21  8   24  81  9   42  30  12  10  51  1   70  75  46  27  30  24  77  87  76  100 67  69  25  36  2   17  29  44  85  5   75 
90  23  76  8   63  74  70  22  74  91  96  14  84  53  40  27  40  26  45  30  18  15  35  82  36  86  2   9   59  75  17  24  26  3   73  26  50  42  68  75  0   82  20  84  61  36  53  90  31  55  43  92  52  11  91  23  64  5   81  9   60  63  91  32  34  92  52  100 46  5   68  84  44  89  100 81  49  77  8   56  36  43  86  1   56  10  94  59  81  40  22  70  33  85  77  44  30  27  65  9  
87  94  59  26  75  38  11  34  84  53  25  62  7   2   33  83  11  82  55  11  49  50  67  50  67  44  68  37  68  93  97  76  19  95  76  99  92  90  79  90  50  71  38  72  74  36  38  17  98  99  34  84  80  78  1   93  24  94  22  7   1   63  65  63  19  62  17  90  62  1   17  45  73  16  60  48  41  48  82  46  67  31  32  54  13  82  27  63  34  5   68  26  23  25  34  58  32  42  25  24 
9   23  29  48  44  32  94  31  20  63  88  16  30  44  16  63  33  56  20  47  12  39  92  11  17  59  23  76  2   74  65  88  46  43  85  48  8   30  14  66  38  67  28  11  1   85  22  1   3   11  92  29  59  74  24  43  44  76  87  28  66  100 3   76  13  42  43  71  76  78  90  97  36  94  1   41  40  8   97  83  65  62  54  28  14  79  63  2   38  37  79  60  29  81  47  81  49  87  12  26 
97  79  83  14  39  22  98  35  95  59  92  55  48  6   16  64  91  88  28  10  49  77  91  48  4   80  100 22  20  41  95  19  42  88  6   80  17  69  31  100 49  82  4   17  69  12  15  38  79  93  69  64  87  20  57  23  3   100 1   8   54  71  51  70  73  19  89  75  73  46  82  85  45  81  33  27  72  42  78  29  79  73  11  64  27  72  60  79  94  55  55  61  97  85  9   72  59  20  90  10 
58  78  69  68  18  53  6   65  47  99  62  23  57  52  84  13  84  14  76  28  23  82  74  62  23  14  75  59  33  95  9   19  47  97  66  15  66  3   89  69  61  8   63  56  17  85  49  41  79  93  64  96  8   83  1   66  86  23  18  86  41  14  35  68  76  35  95  57  70  3   79  43  58  97  19  92  1   23  30  69  44  49  4   98  36  64  64  43  45  86  37  37  100 27  67  55  30  39  28  61 
59  78  19  97  79  4   43  80  10  50  11  23  53  55  33  34  22  25  50  50  7   34  67  88  98  90  11  64  0   87  80  16  8   5   42  7   58  70  62  69  45  96  76  1   4   95  70  88  45  34  19  20  67  35  50  12  67  50  78  90  32  64  62  77  9   63  11  90  5   15  9   57  22  100 70  18  37  11  75  58  49  12  65  68  66  93  30  18  87  3   46  11  70  62  95  42  43  61  75  57 
62  100 72  43  69  93  5   96  47  76  31  21  35  75  70  68  63  91  14  74  29  68  48  51  14  70  45  31  35  47  28  92  86  25  8   24  69  7   33  72  54  85  63  59  23  69  15  42  35  97  75  18  70  2   27  78  54  79  71  86  95  29  81  7   47  93  81  31  53  46  16  5   14  53  90  73  57  34  39  45  57  75  94  0   86  18  29  49  8   39  88  90  7   15  7   79  75  77  74  37 
22  67  5   28  76  31  25  28  36  74  19  79  94  47  19  80  37  69  99  42  54  22  53  92  36  86  42  38  74  63  90  19  92  89  66  81  96  88  63  84  4   22  86  5   65  27  86  19  48  83  73  42  76  23  50  22  38  78  67  97  66  82  47  82  47  58  95  42  57  99  60  41  17  44  95  41  22  54  11  8   19  100 80  82  70  96  19  86  59  52  74  10  1   97  79  32  86  65  70  38 
23  11  35  47  15  74  89  71  20  99  13  80  63  49  14  100 2   12  28  75  35  52  69  80  66  56  76  37  89  41  8   64  16  67  23  50  9   46  47  87  47  80  29  67  10  18  4   62  72  37  23  22  48  63  99  75  47  53  12  52  18  67  98  49  65  75  47  93  77  38  55  27  10  86  5   99  68  62  71  97  55  75  21  49  39  1   0   74  17  47  35  0   33  64  54  88  1   50  0   47 
71  59  99  40  61  54  55  29  70  79  94  29  45  88  16  28  36  17  76  12  28  75  52  76  54  81  49  49  83  97  16  60  84  67  77  40  95  71  33  28  48  60  12  90  75  12  35  34  19  26  24  14  16  69  79  33  78  75  55  47  1   36  53  15  33  90  42  11  71  44  2   92  0   59  2   16  96  60  81  46  5   94  1   8   47  49  45  30  20  57  38  85  73  93  99  24  25  74  3   62 
75  24  91  35  26  52  55  91  99  24  88  95  88  86  9   69  43  14  14  92  53  69  89  27  23  24  2   6   95  26  34  4   24  76  20  5   45  78  30  28  9   37  49  76  96  100 74  7   60  38  36  79  33  6   62  68  43  63  5   74  5   51  76  67  0   65  84  70  34  26  26  61  42  72  70  22  12  4   10  91  66  62  95  99  29  98  45  40  93  23  67  73  93  83  43  38  58  32  25  71 
72  33  23  73  19  91  56  90  59  21  70  54  63  58  50  32  90  44  54  11  44  30  58  44  63  45  63  3   74  21  56  87  92  6   39  18  27  34  80  22  78  72  43  59  69  30  19  72  16  90  87  20  66  19  4   46  82  20  11  77  37  98  75  2   31  13  7   83  39  29  10  6   79  41  32  68  81  24  77  98  93  99  81  6   30  18  66  3   64  63  95  81  49  21  32  54  24  64  35  26 
90  84  36  63  42  55  95  63  88  76  5   33  97  76  38  60  65  42  11  8   74  85  2   84  76  64  97  43  21  74  92  3   62  94  66  85  25  53  43  67  3   75  87  19  88  26  74  87  34  92  71  4   1   27  68  21  99  11  35  59  52  83  86  31  36  88  36  39  94  96  71  60  32  98  88  2   82  45  23  86  48  31  86  7   94  84  93  10  74  83  64  84  92  22  27  25  47  10  51  61 
3   45  68  3   70  79  0   100 99  67  25  25  37  99  66  15  41  5   87  96  37  1   1   45  69  93  1   51  0   7   49  74  61  11  26  28  2   47  98  63  1   47  80  49  58  40  50  30  39  51  84  63  34  34  57  73  97  61  30  51  84  27  38  5   83  29  46  35  35  15  26  10  19  56  71  23  54  53  79  6   45  13  51  9   55  65  98  29  26  23  86  74  73  98  65  4   73  0   31  25 
95  92  16  62  91  66  75  66  70  19  16  80  91  5   70  9   51  48  70  35  57  29  84  68  30  8   3   9   78  54  41  52  80  21  33  0   27  40  33  89  93  78  2   42  35  60  98  26  52  43  53  76  46  17  62  6   71  95  100 95  94  78  16  32  1   45  51  82  28  100 87  87  42  80  55  39  93  60  36  72  40  2   91  95  44  32  65  74  66  18  65  38  91  98  36  50  60  97  42  66 
55  44  26  50  25  24  1   30  10  41  44  68  8   45  20  76  79  28  99  32  75  99  71  57  41  20  13  91  41  13  8   63  94  49  6   38  23  82  8   43  37  19  57  13  86  46  2   32  15  73  61  78  59  58  91  8   0   0   71  64  23  19  99  1   97  36  89  54  10  85  12  9   63  73  32  76  81  11  48  7   15  61  71  98  17  19  78  84  40  49  22  30  76  33  8   10  88  83  98  82 
76  25  55  57  35  74  16  3   25  44  45  40  27  89  80  29  63  2   20  39  29  52  5   99  23  12  80  81  55  76  59  76  31  8   83  88  55  89  91  74  34  62  95  21  100 42  47  83  87  16  64  86  1   45  11  86  19  57  66  15  6   29  59  35  2   43  81  5   65  48  25  47  39  94  72  27  89  12  100 53  93  2   50  14  28  36  83  19  56  73  98  85  83  99  64  29  57  47  55  74 
50  63  19  100 24  85  63  1   35  34  97  92  56  53  76  38  65  11  15  26  91  85  36  87  30  22  37  41  9   86  84  7   31  54  38  37  52  32  99  79  55  71  53  55  55  59  66  39  79  2   36  72  100 27  80  56  3   73  9   25  25  56  14  70  20  98  15  27  76  23  67  55  51  67  84  45  46  51  74  51  62  73  56  23  50  43  57  90  6   76  96  52  69  45  25  65  78  34  56  89 
58  16  47  82  45  91  16  45  31  58  44  73  31  79  57  91  77  25  20  18  77  29  35  2   0   14  71  31  57  34  39  93  47  21  78  75  81  81  80  54  21  52  62  78  77  56  25  85  51  22  96  99  54  3   73  4   98  23  77  92  52  55  46  15  54  89  73  79  61  38  9   75  11  70  98  95  88  33  63  8   27  51  76  47  35  13  16  57  28  22  81  34  29  55  17  96  16  100 100 4  
100 95  4   30  34  81  68  10  52  55  41  51  58  55  91  54  79  63  55  69  49  71  34  17  75  76  60  44  57  45  95  40  53  28  91  32  15  42  12  100 53  65  64  54  35  95  30  52  91  36  26  23  87  72  71  11  6   78  30  34  73  18  26  67  32  42  24  51  100 65  39  98  66  59  91  36  54  1   9   41  62  12  73  13  37  21  62  58  85  60  93  90  77  44  37  23  16  2   3   95 
83  94  86  74  70  91  25  50  40  32  88  70  19  97  98  31  63  28  55  50  47  32  39  6   13  59  43  33  48  39  45  29  60  64  94  67  49  31  64  66  23  14  69  79  57  86  63  48  50  75  61  36  90  98  36  51  0   82  53  28  38  5   96  10  8   36  43  51  20  60  67  20  78  3   45  20  69  51  71  8   45  58  8   96  87  14  2   64  1   45  57  12  81  30  40  64  15  46  38  8  
28  98  100 70  19  56  7   4   69  85  72  98  57  31  44  74  61  15  54  35  73  10  5   21  99  25  13  31  15  40  37  43  37  36  48  17  67  4   48  42  67  31  76  66  59  61  93  17  2   61  61  70  85  43  52  88  34  45  29  50  66  94  81  47  25  72  72  88  96  56  18  70  83  19  92  76  32  87  11  87  38  60  90  54  29  83  17  93  78  76  80  80  100 42  23  32  52  24  32  51 
72  5   9   61  81  67  33  18  28  59  71  100 67  82  24  95  43  48  28  51  91  5   63  40  37  89  71  81  94  45  89  0   97  50  60  9   24  88  67  100 93  50  44  20  75  52  34  21  7   63  75  60  0   92  43  73  3   100 97  52  33  45  5   77  31  99  14  56  18  80  93  71  71  98  67  3   68  34  64  84  25  21  41  63  38  80  97  7   96  9   25  3   78  70  2   70  25  11  16  89 
53  28  33  70  89  65  0   93  14  99  88  4   31  33  94  58  16  69  45  23  26  40  49  4   14  32  36  84  80  47  32  70  54  85  56  92  66  67  59  34  91  0   22  34  72  76  21  55  17  41  29  57  15  60  8   4   9   98  78  97  26  35  51  74  13  40  19  25  79  45  33  82  90  53  95  58  69  62  87  3   31  63  19  67  9   88  94  3   15  32  96  85  40  76  73  46  89  40  52  11 
25  16  87  79  19  62  98  11  88  40  83  19  15  43  46  71  89  73  39  68  89  69  49  66  25  10  78  69  59  85  64  29  64  54  81  61  11  63  23  88  6   74  13  76  25  48  50  19  59  48  41  57  23  44  86  0   23  88  95  1   12  89  15  24  35  27  51  24  31  49  92  36  87  40  0   74  3   47  100 60  29  72  32  74  6   5   96  60  18  50  84  34  13  36  0   45  17  26  7   1  
40  60  95  68  66  94  90  25  11  8   18  18  89  64  65  39  90  55  82  97  47  82  50  93  58  71  32  42  8   74  87  68  41  35  30  43  15  41  57  59  76  63  96  67  18  93  14  29  69  56  86  46  22  56  79  43  48  39  1   65  12  54  38  53  73  91  81  71  45  62  9   65  51  67  5   74  22  38  78  27  63  87  29  49  61  33  86  15  25  28  1   69  59  86  33  52  44  86  92  77 
60  51  8   23  71  66  77  50  73  56  22  42  54  44  16  21  42  47  75  54  61  22  4   69  25  84  9   48  18  26  25  99  77  24  46  42  58  54  19  41  85  49  31  76  99  28  80  11  45  8   65  24  8   54  24  10  30  89  53  20  70  29  52  92  90  46  62  54  64  39  43  57  7   20  22  11  95  88  80  87  16  87  75  58  21  71  95  30  58  24  91  20  21  24  19  56  15  85  47  51 
68  98  34  17  30  61  82  97  85  47  56  68  48  28  77  78  2   91  19  22  12  54  79  53  47  16  19  0   68  70  100 43  39  88  40  34  96  26  51  59  37  91  1   61  88  35  86  9   41  5   13  24  3   45  13  14  58  38  63  72  8   85  85  33  60  15  25  44  36  5   70  63  29  98  58  36  21  67  32  86  100 67  15  33  83  48  18  94  30  32  85  42  92  69  40  7   7   18  57  10 
37  85  61  88  68  89  62  9   12  24  14  12  77  73  56  58  83  69  71  79  17  85  50  4   71  91  25  62  10  48  50  32  0   16  88  79  2   19  24  34  44  76  63  19  21  91  85  18  90  21  25  64  63  74  61  50  93  56  10  75  43  16  74  79  87  61  12  44  21  55  49  85  37  1   51  9   42  96  65  97  62  50  7   39  19  67  88  38  96  49  77  62  38  88  4   26  58  81  27  64 
1   7   50  28  60  49  75  71  84  100 67  78  4   21  2   57  37  0   40  82  18  87  59  25  78  80  55  3   11  31  62  10  70  74  73  51  43  28  11  67  87  81  79  89  19  17  24  73  26  30  77  58  42  10  39  57  64  71  81  40  75  34  29  43  95  51  82  70  66  15  62  83  12  52  30  26  14  17  86  21  20  32  5   64  56  54  59  10  64  88  77  19  38  12  31  42  32  25  49  56 
21  58  31  99  29  2   60  9   70  16  16  61  66  79  36  99  89  31  87  72  88  45  18  2   19  29  45  53  62  4   63  16  89  12  41  61  27  15  60  69  77  24  84  45  58  13  59  82  19  1   97  21  52  24  58  73  3   63  51  2   100 19  31  63  43  66  22  87  90  39  55  26  16  57  12  29  50  12  13  77  42  68  73  25  86  61  100 88  27  68  28  10  42  94  31  40  23  5   44  76 
0   2   13  90  86  54  11  78  87  38  59  31  41  22  70  1   8   5   17  9   90  8   53  56  23  37  4   43  69  76  6   95  22  51  40  14  34  17  70  40  2   50  62  64  42  92  36  99  96  13  27  95  74  28  70  30  1   65  17  70  18  61  59  56  91  76  70  64  4   60  47  58  34  36  43  52  99  21  39  16  85  77  95  88  77  2   47  17  66  17  84  82  71  98  69  66  38  0   99  6  
77  31  96  44  1   72  58  9   45  47  9   52  48  60  2   79  43  84  8   76  75  78  89  19  20  80  8   93  86  68  35  99  16  29  42  80  59  84  70  55  92  66  80  56  21  99  24  55  10  99  38  1   6   65  3   62  2   54  98  58  95  26  51  50  55  0   25  34  91  87  96  33  86  100 37  48  51  95  60  63  65  53  10  62  37  5   60  54  90  86  84  2   51  17  18  95  67  0   50  92 
53  39  70  69  65  66  75  12  73  33  12  99  62  4   60  11  45  67  85  98  93  78  53  98  89  72  95  96  41  38  38  36  74  22  39  26  79  85  94  83  78  33  22  43  76  56  90  59  90  40  84  40  72  99  40  97  62  34  58  69  42  49  71  23  96  67  8   61  23  20  42  39  10  14  13  71  21  89  71  60  75  38  36  77  45  68  71  97  79  41  76  4   78  40  59  28  100 43  67  3  
19  29  39  30  45  17  18  86  37  34  98  74  4   92  15  10  56  57  26  62  99  39  73  64  27  55  85  24  17  66  68  8   39  56  51  78  14  19  56  46  51  18  42  74  22  32  98  70  72  84  100 64  78  40  70  32  34  35  89  36  89  58  45  53  30  34  51  64  42  34  63  48  11  97  34  47  21  13  64  68  79  77  49  81  62  19  78  83  71  89  23  42  87  92  1   9   42  35  70  12 
98  69  27  48  57  31  72  63  51  78  16  54  100 54  73  70  38  55  4   12  82  93  33  17  71  6   97  82  58  37  98  62  20  11  5   68  67  11  61  13  35  52  75  40  95  86  43  45  21  71  31  78  64  20  4   60  49  76  55  36  0   35  94  58  6   32  48  73  23  11  53  7   14  75  65  72  49  75  49  47  72  75  38  46  14  23  84  51  2   2   59  92  42  47  22  10  19  29  88  57 
45  62  80  34  2   43  72  87  56  67  69  70  70  80  9   75  65  3   77  71  44  57  49  68  98  74  72  49  10  83  84  15  55  16  1   94  65  93  14  65  5   85  67  84  23  25  37  64  92  39  56  45  29  72  54  3   24  14  60  63  80  5   19  20  27  2   46  24  88  33  29  1   24  35  84  78  80  89  38  98  49  51  65  39  24  77  69  85  100 9   62  47  7   64  39  70  52  47  9   51 
31  75  10  56  75  91  78  6   57  94  89  89  23  54  61  63  80  80  53  88  78  31  12  54  11  55  74  79  69  70  39  37  29  43  27  0   36  19  70  48  72  84  32  19  77  64  98  74  56  15  5   13  60  64  32  66  35  60  29  32  92  57  76  91  89  41  34  98  11  79  25  94  46  41  33  31  69  10  98  19  63  83  57  89  9   60  25  30  43  8   10  97  18  54  33  56  36  17  28  59 
94  23  24  31  0   43  50  36  14  4   4   88  99  99  12  70  45  39  62  30  85  92  97  52  55  20  2   44  77  33  40  51  25  68  59  58  33  90  58  83  21  92  64  65  33  53  87  5   20  24  78  67  5   92  32  63  45  81  56  71  21  13  35  59  95  37  3   63  61  10  59  46  72  54  82  4   20  61  98  66  84  34  17  61  7   6   53  83  49  10  85  88  73  65  87  57  49  17  63  70 
75  22  93  52  83  62  79  92  97  73  6   43  27  68  62  49  58  53  80  47  80  84  69  68  66  16  48  29  34  46  63  16  97  74  4   7   20  10  26  74  51  0   89  4   49  63  27  62  54  18  49  97  41  90  69  17  66  51  85  84  98  32  91  22  68  7   29  78  58  19  88  14  53  61  71  84  30  54  23  6   83  17  63  99  61  100 64  31  26  16  43  69  41  25  70  61  40  83  77  99 
52  80  4   14  57  85  23  29  60  61  36  26  37  14  82  25  8   52  33  34  66  62  19  11  32  33  45  99  49  72  4   67  66  59  19  98  75  76  52  56  15  18  87  42  50  81  27  8   19  70  87  33  53  96  71  62  22  27  22  39  1   10  86  20  22  20  8   17  32  25  62  47  52  57  84  99  58  54  5   9   29  91  67  46  41  17  50  96  3   69  93  17  6   25  21  86  34  70  8   73 
87  48  52  22  1   7   85  67  3   29  12  4   80  0   52  70  48  93  47  4   33  92  38  32  65  31  64  90  27  50  79  40  68  54  9   67  33  1   5   90  63  55  8   46  2   51  66  11  69  47  28  27  30  98  77  96  12  54  97  46  21  81  95  88  77  44  45  34  80  100 24  98  7   28  0   57  89  95  14  50  70  34  4   13  34  95  59  93  31  49  62  36  96  12  70  14  5   12  60  45 
57  9   89  37  2   12  80  32  95  7   65  37  31  14  27  36  38  80  17  100 88  48  79  53  98  0   46  43  5   36  23  81  87  34  88  56  48  56  28  24  35  95  6   64  32  77  71  99  20  46  29  86  63  75  35  21  8   70  9   65  53  75  6   17  23  28  34  63  74  28  46  20  87  22  80  26  35  54  39  17  13  78  63  63  94  99  2   30  73  45  61  2   18  76  51  3   86  49  60  13 
39  78  76  5   47  49  86  53  65  49  72  48  18  40  36  40  96  64  15  72  83  89  100 49  29  21  54  78  21  60  40  12  82  8   51  46  18  49  39  31  73  98  69  41  40  53  77  70  34  32  99  14  83  3   63  69  35  96  59  23  88  86  14  46  55  13  72  19  49  34  42  99  84  93  8   52  63  36  94  12  21  61  94  86  31  52  53  22  48  51  36  47  69  51  64  21  64  46  42  41 
22  38  77  8   9   75  91  31  57  0   73  21  15  79  31  68  25  9   13  63  23  18  13  62  87  60  45  1   40  89  62  78  99  21  38  19  65  92  38  1   1   48  8   17  27  65  65  59  94  34  72  78  17  22  65  41  19  63  41  35  18  93  77  59  58  4   33  17  67  33  76  24  100 2   79  94  22  8   93  9   88  9   11  76  80  61  46  28  1   48  89  89  7   81  86  77  31  54  32  36 
7   28  40  55  10  37  3   39  3   28  30  37  73  53  98  1   60  18  89  21  39  20  94  49  42  97  83  16  43  95  27  77  57  6   51  37  5   44  88  22  27  76  32  8   67  43  30  60  39  26  40  73  54  97  93  48  14  27  68  27  65  82  95  20  96  45  3   63  2   28  45  54  68  81  67  80  1   71  88  66  3   4   76  22  34  40  25  58  77  41  58  80  12  69  22  22  27  15  95  29 
76  67  88  81  66  92  3   15  96  1   45  69  20  83  88  39  32  58  44  100 40  49  41  44  34  16  79  41  94  92  50  81  67  3   97  55  29  56  34  12  6   39  59  14  42  18  83  36  86  10  79  20  34  70  43  17  43  3   49  3   45  86  22  31  37  70  55  22  87  49  12  39  7   10  77  94  51  98  59  36  18  75  79  36  27  46  13  63  76  75  12  86  87  43  17  52  3   70  12  54 
90  35  57  71  64  67  85  39  88  27  45  97  47  50  48  94  76  52  41  94  76  20  5   9   50  83  97  7   96  28  37  15  65  37  64  14  74  16  63  78  95  10  25  25  55  76  62  16  24  69  80  26  40  28  94  74  18  71  94  42  9   85  59  18  56  81  44  71  88  42  93  73  89  96  38  7   81  40  92  38  58  27  41  72  99  64  91  34  29  65  6   15  52  97  63  16  67  38  51  67 
8   73  63  50  71  66  60  23  29  19  61  70  45  16  47  84  27  42  63  12  81  37  77  0   51  44  21  33  75  89  31  59  85  87  64  92  43  66  27  64  34  24  72  86  99  8   87  59  91  66  86  38  14  43  88  81  6   61  65  26  91  80  67  22  1   53  66  34  85  4   7   44  74  56  52  12  91  15  7   39  2   67  40  77  24  65  75  48  20  6   14  34  4   88  13  46  69  91  82  75 
51  47  82  54  25  57  81  50  60  90  30  69  96  34  98  38  70  90  13  48  36  86  48  88  9   96  26  70  15  1   28  94  54  77  98  33  15  78  60  65  12  8   38  75  32  71  87  59  57  15  16  6   73  60  53  59  13  99  63  72  32  97  82  9   15  23  17  30  49  99  43  58  94  30  7   80  65  94  89  51  12  75  89  77  35  29  80  72  80  87  97  21  83  35  87  89  22  48  33  43 
73  74  96  91  28  21  83  81  31  0   22  32  48  34  70  48  19  65  16  96  7   44  84  5   41  42  94  1   19  49  7   58  75  30  51  44  58  21  4   0   37  100 24  58  89  57  84  36  30  23  22  24  33  4   42  38  27  32  78  6   60  45  69  16  25  36  72  75  85  63  6   53  86  8   86  95  93  74  47  87  47  82  89  7   37  84  27  34  0   80  27  41  71  80  46  82  39  65  65  3  
