10 20
41  42  35  41  63  79  49  2   0   82 
15  96  74  44  12  69  50  65  54  77 
69  97  74  96  2   56  93  55  49  33 
55  64  24  28  4   57  10  53  66  56 
14  47  23  38  37  89  98  70  14  99 
31  29  75  99  88  23  53  17  72  94 
100 90  89  25  96  61  16  58  52  64 
97  74  49  73  37  100 87  48  63  19 
76  63  27  66  40  39  99  97  11  47 
28  11  48  87  31  14  98  11  44  27 
9   50  39  6   68  100 10  54  1   57 
55  35  93  55  20  26  19  47  60  50 
47  14  21  39  91  98  2   5   75  56 
10  63  28  43  70  32  21  56  44  73 
90  0   85  49  28  52  69  3   76  17 
4   34  64  23  73  41  75  78  50  4  
99  48  12  77  39  77  97  90  2   82 
100 97  4   61  32  26  94  65  3   81 
47  61  51  32  93  34  41  100 24  51 
80  77  98  86  61  76  28  94  87  95 
