nb_resto, time_greedy, time_progdyn, time_local, capacity, filename, revenue_greedy, revenue_progdyn, revenue_local
10000 3135803182 3851153533 0 50892 WC-10000-100-10.txt 51455 64267 0
1000 7869110 89102119 0 9948 WC-1000-1000-02.txt 10254 15825 0
100 357361 331934 0 443 WC-100-100-08.txt 455 543 0
10000 1602237329 226371337 0 2745 WC-10000-10-05.txt 2781 3928 0
100 327705 186370 0 268 WC-100-100-05.txt 285 333 0
100 655922 56907 0 64 WC-100-10-06.txt 62 84 0
1000 18794641 169707106 0 20306 WC-1000-1000-04.txt 21413 28887 0
10000 958965568 137431113 0 1638 WC-10000-10-03.txt 1644 2546 0
1000 32180995 361698227 0 45353 WC-1000-1000-09.txt 45752 57428 0
10000 2554088352 3055744895 0 40062 WC-10000-100-08.txt 40607 52101 0
100 122500 76934 0 107 WC-100-100-02.txt 131 145 0
1000 22527393 29553910 0 3431 WC-1000-100-07.txt 3520 4519 0
100 347102 34715 0 32 WC-100-10-05.txt 34 46 0
1000 23226656 2695522 0 324 WC-1000-10-06.txt 323 449 0
100 371427 224352 0 310 WC-100-100-06.txt 346 412 0
100 199414 24556 0 22 WC-100-10-04.txt 21 31 0
10000 2218307028 2710276527 0 35299 WC-10000-100-07.txt 35405 46503 0
100 676531 57398 0 38 WC-100-10-07.txt 42 53 0
100 414689 162035 0 147 WC-100-100-03.txt 162 212 0
10000 2837980696 390461200 0 4941 WC-10000-10-09.txt 5027 6592 0
1000 13477885 13661349 0 1488 WC-1000-100-03.txt 1487 2176 0
10000 998393538 1156456623 0 14998 WC-10000-100-03.txt 15203 22303 0
1000 28796517 3695170 0 379 WC-1000-10-07.txt 382 511 0
100 807387 545184 0 525 WC-100-100-10.txt 583 659 0
100 463941 51166 0 56 WC-100-10-10.txt 53 71 0
1000 29502323 277207689 0 33969 WC-1000-1000-07.txt 34915 45548 0
1000 23699013 251691704 0 29882 WC-1000-1000-06.txt 30224 40415 0
10000 1246484839 184492957 0 2195 WC-10000-10-04.txt 2199 3245 0
100 449274 2730498 0 3736 WC-100-1000-08.txt 3848 4679 0
10000 673492246 7641755417 0 100327 WC-10000-1000-02.txt 101972 158020 0
10000 1285196525 15187051927 0 199351 WC-10000-1000-04.txt 200954 281865 0
10000 946035597 11187961042 0 148413 WC-10000-1000-03.txt 150207 219755 0
100 579799 3860751 0 5240 WC-100-1000-10.txt 5279 6294 0
1000 35320561 4322248 0 494 WC-1000-10-09.txt 501 662 0
10000 1606888169 1921341721 0 25041 WC-10000-100-05.txt 25380 34823 0
100 273514 29916 0 15 WC-100-10-03.txt 18 24 0
1000 39418738 387001345 0 49097 WC-1000-1000-10.txt 49512 61155 0
10000 349950224 396938539 0 5028 WC-10000-100-01.txt 5217 9207 0
10000 1307373914 1559692791 0 20234 WC-10000-100-04.txt 20396 28490 0
1000 18883658 24784702 0 2564 WC-1000-100-05.txt 2521 3445 0
10000 2819502734 3458048629 0 45744 WC-10000-100-09.txt 46081 58601 0
1000 28500973 297777259 0 38205 WC-1000-1000-08.txt 38405 50102 0
1000 19235749 201216504 0 24862 WC-1000-1000-05.txt 25415 34207 0
1000 11185469 1300743 0 163 WC-1000-10-03.txt 162 253 0
100 437612 49143 0 55 WC-100-10-09.txt 57 71 0
1000 9654403 1057476 0 111 WC-1000-10-02.txt 107 179 0
100 541477 347613 0 347 WC-100-100-07.txt 367 485 0
100 146665 651975 0 1118 WC-100-1000-02.txt 1198 1509 0
1000 4685430 43528057 0 4960 WC-1000-1000-01.txt 5234 9122 0
100 149140 24316 0 11 WC-100-10-01.txt 11 17 0
100 272753 106180 0 101 WC-100-100-01.txt 127 147 0
10000 331684726 3896636999 0 50340 WC-10000-1000-01.txt 51334 91966 0
100 478208 3375671 0 4734 WC-100-1000-09.txt 4930 6036 0
1000 28636586 4983800 0 445 WC-1000-10-08.txt 451 602 0
1000 34614174 42649836 0 4525 WC-1000-100-09.txt 4585 5844 0
10000 2222332222 306993388 0 3857 WC-10000-10-07.txt 3926 5274 0
1000 8340806 8387403 0 1027 WC-1000-100-02.txt 1060 1582 0
10000 1571466847 18651178376 0 247973 WC-10000-1000-05.txt 249807 338929 0
1000 15395056 16799804 0 2004 WC-1000-100-04.txt 2076 2875 0
100 209663 19326 0 11 WC-100-10-02.txt 15 18 0
100 280817 155312 0 184 WC-100-100-04.txt 197 270 0
10000 1944968992 266475524 0 3324 WC-10000-10-06.txt 3372 4641 0
1000 13698890 124697080 0 14447 WC-1000-1000-03.txt 15259 22002 0
10000 3120057883 430619334 0 5449 WC-10000-10-10.txt 5499 7220 0
1000 18038070 2263802 0 275 WC-1000-10-05.txt 274 395 0
100 600298 54212 0 43 WC-100-10-08.txt 42 59 0
100 238799 1405911 0 2086 WC-100-1000-04.txt 2259 2944 0
1000 48158283 48596426 0 5121 WC-1000-100-10.txt 5214 6482 0
100 391245 3232382 0 3270 WC-100-1000-07.txt 3169 4178 0
10000 335806454 50934387 0 546 WC-10000-10-01.txt 535 978 0
100 721475 474802 0 455 WC-100-100-09.txt 475 574 0
1000 28457810 37693247 0 4080 WC-1000-100-08.txt 4190 5344 0
1000 4162478 5108545 0 496 WC-1000-100-01.txt 554 911 0
10000 682877604 773655507 0 9997 WC-10000-100-02.txt 10050 16015 0
100 354095 1077865 0 1553 WC-100-1000-03.txt 1727 2214 0
1000 38838488 4716259 0 557 WC-1000-10-10.txt 557 732 0
1000 22157206 28213571 0 3064 WC-1000-100-06.txt 3046 4069 0
1000 4503879 481675 0 54 WC-1000-10-01.txt 50 93 0
1000 15136630 1836599 0 218 WC-1000-10-04.txt 213 334 0
10000 2514762481 353336769 0 4422 WC-10000-10-08.txt 4473 5940 0
100 228159 574980 0 1001 WC-100-1000-01.txt 1289 1552 0
100 250972 1560280 0 2221 WC-100-1000-05.txt 2302 3257 0
10000 671388965 101456830 0 1100 WC-10000-10-02.txt 1099 1777 0
10000 1928107855 2341254148 0 30513 WC-10000-100-06.txt 30669 40697 0
100 438835 2930083 0 3055 WC-100-1000-06.txt 3149 4094 0
